6.77366342145023e+02
5.36326914399999e+02
1.33918266334322e+03
9.58825476447335e+02
1.12042496699718e+03
1.17649670427013e+03
1.06388451344711e+03
7.36037030802966e+02
9.71356254750420e+02
1.14586554484980e+03
7.38521298426658e+02
1.21778173557071e+03
9.22098890281636e+02
1.19144298797937e+03
1.01220192558783e+03
9.95573810135750e+02
1.30041337597931e+03
1.12366435981364e+03
8.69807906105359e+02
8.03075380609130e+02
7.03128127868907e+02
1.08435367368717e+03
1.51161029221202e+03
1.21689037226145e+03
8.54267577163645e+02
3.50318501171717e+02
1.75520177818858e+02
2.69045224656934e+02
1.09113169604153e+03
1.55467296181080e+03
1.31816108448821e+03
1.00485034612979e+03
4.57061157923053e+02
2.29790875921295e+02
1.89278933701843e+02
8.67120280248192e+02
1.09258696004668e+03
1.56721039511234e+03
1.35795376513680e+03
1.07389436483325e+03
5.14888586701390e+02
2.68659763812430e+02
1.60244452985152e+02
2.55216053576021e+02
4.53351869271630e+02
1.09306327764737e+03
1.57567278866909e+03
1.39518753913609e+03
1.14563435095029e+03
5.79408693284977e+02
3.18581276154546e+02
1.86378855872984e+02
1.65536720336845e+02
1.83232923272113e+02
5.41795065418257e+02
1.09403027474736e+03
1.58454534037215e+03
1.42743607592537e+03
1.20776017837773e+03
6.38236690310421e+02
3.67511559751902e+02
2.19523139245477e+02
1.85611550837851e+02
1.69583751695341e+02
3.94228502737742e+02
5.56971493572678e+02
2.59506199088761e+02
9.16000425685808e+02
7.96640290245768e+02
1.09116295363005e+03
1.30418479190622e+03
1.34659635645823e+03
9.59481927827224e+02
7.53031462704060e+02
9.02950309454407e+02
8.96436857376501e+02
9.05189117210904e+02
1.27802667036724e+03
8.76105948798147e+02
1.81380853714447e+03
8.55999443459812e+02
1.04810959355100e+03
1.27731679769970e+03
9.11864450067437e+02
7.17531278391370e+02
7.14375697289627e+02
4.58077210766324e+02
1.31276799621260e+03
9.19419383883087e+02
1.12159979720303e+03
1.23499909283679e+03
1.26186538422177e+03
8.86089392484088e+02
4.46624935500747e+02
9.42319265101583e+02
1.09661775082729e+03
7.68018035308334e+02
1.29799856320137e+03
1.01739512731647e+03
1.18865651050898e+03
1.27184968336997e+03
9.67151964795347e+02
1.29944575995863e+03
1.30809560969428e+03
9.17775532851935e+02
6.47600924774871e+02
5.83343051221063e+02
4.13843547135690e+02
1.05647507600773e+03
1.42867433372930e+03
1.10345500787771e+03
6.38205021921116e+02
3.52606706294483e+02
1.44251109399424e+02
3.95413388928310e+02
1.06333156439674e+03
1.47400709206594e+03
1.20023471609840e+03
7.59943080471234e+02
4.64253958820102e+02
1.71414079350131e+02
2.17375094850617e+02
8.63591633167854e+02
1.06468384795440e+03
1.49064506301253e+03
1.24568161704568e+03
8.26225195445251e+02
5.34167521759415e+02
1.99926242764154e+02
1.68258429554758e+02
3.02640861183037e+02
5.89726451924832e+02
1.06450983048549e+03
1.50155707028593e+03
1.28432825271241e+03
8.87829439760275e+02
6.02258437817315e+02
2.28709719646331e+02
1.85367372710400e+02
1.91972828196162e+02
2.20081614725661e+02
4.45183980653099e+02
1.06627535080431e+03
1.51592783170623e+03
1.32105455999336e+03
9.44767312887920e+02
6.70285907419002e+02
2.64448858225846e+02
2.24974240098790e+02
2.22008066704862e+02
2.24793213466661e+02
4.01338923569563e+02
7.21435085631696e+02
6.64823816798098e+02
9.42659904793264e+02
1.08115002747056e+03
1.15246395816548e+03
8.22367646329960e+02
5.42480621458396e+02
1.10600778977430e+03
9.29959056861154e+02
9.59464631932010e+02
9.73800690091221e+02
1.31182764846248e+03
9.08586439895018e+02
1.52666210825806e+03
9.31873638533715e+02
9.73584783983590e+02
1.24677869360646e+03
1.21248774454867e+03
9.04680750053177e+02
6.04169259108308e+02
4.29336134435387e+02
2.83688114276505e+02
9.07962302190507e+02
1.00781601834576e+03
1.12433750640657e+03
8.51487295708716e+02
5.90429252049883e+02
1.14478311815869e+03
1.08255595070956e+03
1.00915513865102e+03
8.51929698597065e+02
1.46810326799178e+03
1.09995954280220e+03
1.15422991623057e+03
1.08401155612133e+03
8.94343476080458e+02
1.06369789103095e+03
1.33887125992273e+03
1.18463591384908e+03
8.77663799734370e+02
6.33904961074240e+02
3.56585178941297e+02
3.08936458734744e+02
1.53012917497852e+03
1.38557987074855e+03
1.02902847143447e+03
5.27677026270178e+02
3.12844764947513e+02
1.64801450400928e+02
6.33669186115597e+02
1.53706164013525e+03
1.41522232870419e+03
1.09218380448825e+03
6.00645620964644e+02
3.84710363644593e+02
1.66653571847670e+02
2.47948450361646e+02
5.27412865695568e+02
1.53986221099538e+03
1.43326452466256e+03
1.13843247837001e+03
6.60787991270070e+02
4.53096294165587e+02
1.95539617398365e+02
1.67197866520967e+02
2.12232387530950e+02
6.27609548385277e+02
1.54190529338349e+03
1.44798073805122e+03
1.17836278992556e+03
7.15465420986529e+02
5.19163972102246e+02
2.26086000512611e+02
1.84258444835717e+02
1.68656416610142e+02
3.16254389529637e+02
4.80033717465951e+02
8.51791836565574e+02
9.83105347127898e+02
8.43568934465677e+02
6.64920822308769e+02
1.31245917650755e+03
1.26428172681516e+03
1.41604957253960e+03
9.02729883765185e+02
1.04568067196048e+03
1.40765100649764e+03
9.92429971332479e+02
1.43452454651055e+03
7.81753984374563e+02
8.94476710065706e+02
8.95686815508735e+02
8.04444730011186e+02
7.00428717891688e+02
1.40002562574033e+03
1.30814936732147e+03
1.42501643745755e+03
8.19542385462526e+02
7.80588792269799e+02
1.51650788728090e+03
1.16571927955605e+03
1.23887762590338e+03
1.09350636541234e+03
8.07026813608554e+02
8.82549357419208e+02
1.45267591436540e+03
1.42858899375367e+03
1.06914499993636e+03
7.81070289937819e+02
6.17072669154570e+02
2.69850533818656e+02
3.05437753246724e+02
1.40555449367489e+03
1.21807851891061e+03
1.00797448831340e+03
4.87801239699384e+02
2.45887010055293e+02
1.91140928879193e+02
8.62559191436394e+02
1.40926303490246e+03
1.23809442217241e+03
1.05697878680310e+03
5.40168483050766e+02
2.86250167122626e+02
1.64380830288111e+02
2.55343958239359e+02
4.52574303502870e+02
1.41128442127996e+03
1.25560948222135e+03
1.10514159741635e+03
5.95571698691400e+02
3.35791084541027e+02
1.91005437505374e+02
1.68615274300156e+02
1.83912709358518e+02
5.41708807158750e+02
1.41362030045111e+03
1.27040759220382e+03
1.14481465007621e+03
6.43027017776943e+02
3.81584502582678e+02
2.22889927092342e+02
1.89528874205336e+02
1.71313482471876e+02
3.95468653756198e+02
5.57229745715444e+02
8.41617845677430e+02
7.48055100757892e+02
1.49083597375223e+03
1.34516092815182e+03
1.41189478144856e+03
8.12667572303805e+02
5.67638091648746e+02
1.03922749606812e+03
1.46878002558804e+03
1.08705711938281e+03
1.55928256495421e+03
8.17755488131097e+02
8.82648364434309e+02
7.56170273666273e+02
7.61239107461530e+02
1.52087980621497e+03
1.33620386318565e+03
1.26819424637524e+03
7.21318433082637e+02
7.42703089365174e+02
1.43245118856269e+03
1.56769599164307e+03
1.19386245600265e+03
1.32678420508692e+03
1.20555766313582e+03
8.68203250709400e+02
9.04803304946037e+02
6.23229371342784e+02
1.29773909029917e+03
1.28564946955225e+03
1.06562373775383e+03
8.07157937074219e+02
4.30928653248582e+02
2.73952258535245e+02
2.23410612831026e+02
1.41454876081468e+03
1.21478117424443e+03
8.49322702224746e+02
5.38243682419371e+02
1.85927366561354e+02
2.20771772052671e+02
8.59346531954686e+02
1.41969162481325e+03
1.23918212379517e+03
9.01823346874949e+02
6.07797128716180e+02
2.16834152894812e+02
1.76372557884508e+02
3.03838765441463e+02
5.88373550703796e+02
1.42279709598232e+03
1.25892258150826e+03
9.48074143167060e+02
6.72371033951341e+02
2.47178490178680e+02
1.96634673217660e+02
1.98694966230702e+02
2.21788796598119e+02
4.46212498211188e+02
1.42708359557518e+03
1.27701538070996e+03
9.87796026909125e+02
7.31074832792788e+02
2.81037430807774e+02
2.36092822481992e+02
2.30738097533381e+02
2.28012781239651e+02
4.05051219459117e+02
7.22110286084393e+02
1.25139692262880e+03
1.21605412088134e+03
1.17247095347566e+03
7.77458006200431e+02
9.16816934661998e+02
1.46398840617193e+03
1.78682968315111e+03
1.19942876730362e+03
9.62830258062647e+02
1.48460115075192e+03
8.18720346863825e+02
9.11607974400487e+02
7.85789670763411e+02
5.15069839927335e+02
9.84902366878560e+02
9.12567087997780e+02
7.13469468815425e+02
9.52408848001331e+02
1.41893695200774e+03
1.86856639884564e+03
1.12589778550736e+03
8.04447875762092e+02
1.04217113345661e+03
1.08355075008735e+03
8.43626190274027e+02
9.17153914351177e+02
6.62364465438960e+02
5.86407983168686e+02
1.08672919310103e+03
1.00132771527913e+03
8.85552897497994e+02
7.69810078741903e+02
3.28990056336013e+02
2.93387597398893e+02
2.08928259222731e+02
1.10547917376278e+03
1.03090258363643e+03
6.63147572114634e+02
4.52693969472285e+02
1.79128132233720e+02
2.50255423544883e+02
5.25929457518970e+02
1.10849936907324e+03
1.05150379275567e+03
7.08461047000138e+02
5.21526781646457e+02
2.09982056787863e+02
1.75869618728120e+02
2.14489325693628e+02
6.26677036714964e+02
1.11069277168403e+03
1.06817097504286e+03
7.46576441846672e+02
5.83276186003271e+02
2.40608273938007e+02
1.96478109934528e+02
1.75216798260976e+02
3.19145850143441e+02
4.81591879228911e+02
1.00355885789742e+03
8.00075058647932e+02
1.02783721328459e+03
1.31052656026520e+03
1.71962512269331e+03
1.02461047241722e+03
9.66196117202072e+02
8.80770228852692e+02
1.35458421397959e+03
7.87921524239176e+02
9.47366909777969e+02
8.61367528390817e+02
6.04178204797877e+02
6.21670363469940e+02
8.80066390593317e+02
1.12637222676331e+03
1.28566989199099e+03
1.60242674932640e+03
8.91536427339838e+02
9.21064118573325e+02
9.97575205067923e+02
1.18643247971115e+03
1.17246890225193e+03
8.95382117295320e+02
9.80426089689834e+02
7.43844286796013e+02
6.79263943489374e+02
7.01863030242482e+02
1.12774311662480e+03
1.06435765372152e+03
9.38543852232088e+02
5.75300911884782e+02
3.70420122858113e+02
2.05737506595228e+02
2.56275638315291e+02
1.05666888686814e+03
1.07089690807546e+03
6.23416461396077e+02
3.42300948849332e+02
1.79443543415753e+02
2.58954132514120e+02
4.51941945572574e+02
1.06059422303446e+03
1.09565715171242e+03
6.68918626117023e+02
3.95775962420803e+02
2.10092346625608e+02
1.80288064861412e+02
1.87526812627038e+02
5.43021075506435e+02
1.06389287371228e+03
1.11494302393742e+03
7.04759065964364e+02
4.41067499602134e+02
2.43145173281888e+02
2.05807011260283e+02
1.79096290891702e+02
4.02147395025447e+02
5.59430117717493e+02
1.26393298935537e+03
1.36720114656276e+03
1.63217140975302e+03
8.19507485151255e+02
8.57102548527586e+02
9.43251087888348e+02
9.61054762945598e+02
1.50216895137612e+03
8.39479941489782e+02
1.05071530184676e+03
9.67515530506691e+02
7.17314695398816e+02
7.68970304423915e+02
7.87033936094872e+02
1.14544390923513e+03
1.41156548216007e+03
7.02171945901394e+02
7.91156558598630e+02
8.91196371856625e+02
9.34284835343781e+02
9.78683902713556e+02
1.12420734639604e+03
8.87155940774833e+02
1.04754415059864e+03
8.68022462563106e+02
8.72165740617618e+02
9.15994017191195e+02
8.84276446219169e+02
9.67356627430534e+02
9.55482919013693e+02
9.39215863307465e+02
4.47204051893245e+02
4.05178682662022e+02
1.55446190536425e+02
2.70495845863992e+02
1.06983559644062e+03
9.43960109799920e+02
7.12100883671558e+02
2.47380633059937e+02
1.91733786853074e+02
3.07425595957853e+02
5.86784327470767e+02
1.07464451863040e+03
9.69674562646172e+02
7.67010907298608e+02
2.79513376057576e+02
2.17103558902043e+02
2.11831022006419e+02
2.25787266840453e+02
4.48610119402826e+02
1.07917751119287e+03
9.90437972246495e+02
8.12059116579547e+02
3.10821734254543e+02
2.56729458959246e+02
2.47830960959792e+02
2.35430269436154e+02
4.13067487290665e+02
7.24201100746040e+02
1.44923491282242e+03
6.20257866964407e+02
7.82138184158919e+02
9.02085505456370e+02
9.22107930554465e+02
9.02307084945463e+02
7.34155719952475e+02
6.69224936999006e+02
1.02156812959825e+03
1.00954575330604e+03
8.29296418382430e+02
1.03387783540842e+03
1.12431043692763e+03
7.80081280247694e+02
4.40837517219447e+02
9.44759499445217e+02
1.05264632635873e+03
1.02192014930611e+03
9.23208743433606e+02
7.29313419942472e+02
5.93626375238525e+02
1.02956745570028e+03
1.14668414452450e+03
9.29768405788647e+02
9.40049881490152e+02
1.04514196784536e+03
1.06927394956962e+03
1.12860213596235e+03
1.10832070166065e+03
9.99760415895338e+02
7.15461952578965e+02
5.12293941314466e+02
2.75060215000346e+02
1.83247635163646e+02
3.60976295002067e+02
1.03388958087272e+03
8.07170056652081e+02
6.48701819460649e+02
2.38137672106452e+02
1.91735966078502e+02
2.19625294294526e+02
6.26769424508487e+02
1.04012204587585e+03
8.34104785668416e+02
7.10046130576783e+02
2.71316116699943e+02
2.18671058564744e+02
1.87460069992082e+02
3.25819329175271e+02
4.85004362643279e+02
1.27321876388017e+03
1.37484233627941e+03
1.27527850181692e+03
1.06216829150458e+03
8.18413265863769e+02
6.09344741592809e+02
4.28903237856017e+02
1.45677399305201e+03
1.20191225806284e+03
8.84201446819220e+02
1.06056193385290e+03
1.06249751325921e+03
7.44389324165032e+02
1.00170051910503e+03
1.23827094639629e+03
1.27304122393587e+03
1.09883717208177e+03
8.77434221223774e+02
6.36665570965241e+02
5.27563158512594e+02
7.01965704932387e+02
1.28802440480016e+03
9.88213442244733e+02
8.97534212955662e+02
9.63491207963719e+02
9.15338428956736e+02
6.59473230360615e+02
1.10894804906083e+03
1.00341608607441e+03
1.02309901565549e+03
5.80250321426910e+02
6.04710720447431e+02
1.84807465275727e+02
2.05673256780192e+02
7.10113825823466e+02
1.03598147701386e+03
7.49758868228111e+02
4.82766886124688e+02
2.34481510358752e+02
1.95199985968977e+02
1.92478281559592e+02
5.44999987131199e+02
1.04255411611874e+03
7.73882443070973e+02
5.26475995825763e+02
2.67974647856960e+02
2.25476434335979e+02
1.89199544216239e+02
4.11116919447790e+02
5.62564374729964e+02
1.14193848515798e+03
1.08266637947318e+03
9.40073787758514e+02
7.16967957511609e+02
5.88343744613102e+02
6.53476071750894e+02
6.70236513262229e+02
1.08004797247439e+03
8.09894402475927e+02
9.35202738982289e+02
8.57995808370521e+02
5.81504099884040e+02
4.76465441108638e+02
7.64164264999852e+02
1.07072623406156e+03
1.00167253092057e+03
8.07068341224393e+02
6.62889288988679e+02
7.30761448602193e+02
6.39760660439576e+02
8.36495561168334e+02
9.81657524637234e+02
8.21294514908512e+02
8.71806650805653e+02
7.73941340855222e+02
4.24331528343011e+02
4.81153352831974e+02
6.73609289257548e+02
8.99970493230451e+02
7.69563352771810e+02
6.61763123676924e+02
3.97378021767552e+02
1.83682257861563e+02
2.25723377067534e+02
7.03881326379038e+02
9.08292046988883e+02
8.48454088781550e+02
3.12585751548248e+02
2.32681855276442e+02
2.22330084577943e+02
2.28770929095371e+02
4.50563526226722e+02
9.15278497407122e+02
8.77505895632584e+02
3.38869401375378e+02
2.68672878566981e+02
2.59142673892052e+02
2.40462801522892e+02
4.19688884633276e+02
7.25792245207651e+02
9.85553296577995e+02
8.81329986401306e+02
7.22232693152722e+02
8.03377628621899e+02
6.96253554507755e+02
7.61555944905655e+02
7.96971591373231e+02
8.65717020167703e+02
9.07962753931593e+02
8.13253839337168e+02
5.74490650318957e+02
3.34044172060461e+02
3.81522614768106e+02
5.55663940772123e+02
9.43749432178320e+02
6.57652980013300e+02
8.41947335902896e+02
3.04007074283039e+02
1.82170274427060e+02
2.90091557530787e+02
6.79690614902061e+02
9.57651855753976e+02
7.95142210686402e+02
8.69785344643821e+02
8.18902818340840e+02
8.18575978775031e+02
7.86457391192951e+02
7.62605387844302e+02
8.38307089010187e+02
8.85858780635646e+02
8.10558863869701e+02
4.60976287860497e+02
4.03622696739023e+02
4.03930432541502e+02
4.86544764837578e+02
9.28331648071182e+02
6.61344401878235e+02
8.53876782927750e+02
2.50070681910252e+02
1.99720252509840e+02
4.35922501081051e+02
9.05343004892422e+02
8.06869901732775e+02
8.44980215348014e+02
2.89639320307340e+02
2.28042602411058e+02
1.93712801571205e+02
3.27816310895035e+02
4.86526436661951e+02
7.26800851659361e+02
8.03966307625789e+02
8.58334920353790e+02
8.62927066146682e+02
8.93747919967160e+02
8.55812226847966e+02
5.49060238950177e+02
8.12778375210962e+02
7.76374963255419e+02
6.39685110699683e+02
4.09953640360353e+02
4.56891394433192e+02
4.70485979003991e+02
3.99235002394287e+02
7.89139562112211e+02
7.07345672613435e+02
8.28194002798069e+02
2.70944332196658e+02
1.84428622959038e+02
6.27886255418743e+02
1.54949757773032e+03
6.84352429206980e+02
7.89576428588369e+02
7.80577451219257e+02
8.93801127281860e+02
9.56540178377680e+02
6.32043774018764e+02
1.38487244110951e+03
7.34763247098817e+02
7.20879430012312e+02
4.96918159729838e+02
4.84648984490130e+02
4.66370903922950e+02
4.04595798130458e+02
3.89625993942375e+02
6.88042382079217e+02
7.96838674397732e+02
6.05397078178857e+02
2.42763324344487e+02
2.14103091458528e+02
6.44648729367117e+02
1.82059270902531e+03
7.23231296623546e+02
6.19154506477718e+02
2.72148929956935e+02
2.26338778206463e+02
1.90345466163614e+02
4.11498926939595e+02
5.62516267498020e+02
8.52067743177812e+02
6.54496630299984e+02
7.25976600678026e+02
8.32942039656842e+02
5.83420832698690e+02
1.21504368050878e+03
1.02544784100936e+03
6.12251725574920e+02
5.87828069845358e+02
4.56299978319393e+02
5.81200650908277e+02
5.36017050346023e+02
2.57733506354716e+02
3.18082910876544e+02
7.06170821192246e+02
6.19500828833992e+02
7.13878717673038e+02
5.23127122401873e+02
9.26782731734801e+02
9.12854332784020e+02
1.72613186744995e+03
5.96718531429629e+02
4.98740539347782e+02
5.80781604305984e+02
6.22569888305462e+02
4.87644917876565e+02
2.35713644232746e+02
3.98907484917758e+02
6.02983330836535e+02
1.04803302455461e+03
3.28070429233857e+02
2.21775253648726e+02
2.63719616777361e+02
5.03673602418679e+02
7.50384740018686e+02
9.09375821598775e+02
3.82395541048190e+02
2.65026286524719e+02
2.51634772278461e+02
2.34704079651482e+02
4.17364568043485e+02
7.23767517163757e+02
6.01588845882313e+02
6.43597335940248e+02
4.71351172320013e+02
6.50470649404953e+02
6.24263650973321e+02
1.33382075943490e+03
8.89698048327655e+02
5.64037957325605e+02
5.00795708636910e+02
7.75332065709030e+02
7.88964973452480e+02
3.40096617136694e+02
2.48939432262486e+02
8.94445163764036e+02
7.24409592440108e+02
5.19829792996446e+02
5.61338471090561e+02
4.80989092356318e+02
9.53651017901318e+02
7.05792366378960e+02
1.08378967273215e+03
5.43208210539803e+02
6.76642344563049e+02
8.54961811185404e+02
7.25186246012275e+02
2.39928450142451e+02
2.54433366612603e+02
4.89458212830637e+02
8.50312634660247e+02
8.12583431887688e+02
2.96961016575759e+02
1.98177342348681e+02
2.84023979494962e+02
6.48321187794403e+02
5.42771237122258e+02
6.18411605322829e+02
5.68510104961254e+02
4.63241334289448e+02
7.98974874181548e+02
5.45003954057637e+02
8.37365173557378e+02
1.04075458514729e+03
5.75416446774054e+02
9.77918262782750e+02
1.10857448621285e+03
5.03544322709515e+02
2.21803487458820e+02
4.54864814201744e+02
3.83779376774498e+02
5.49040673895139e+02
5.01951885846138e+02
8.26013395081280e+02
5.31372122440064e+02
6.60962861192820e+02
6.62946597568427e+02
6.09031855129273e+02
7.23022319767680e+02
1.04606077259330e+03
9.81262446247873e+02
3.13820427998141e+02
2.31127382205018e+02
3.03370370508199e+02
4.74843886147089e+02
1.23962356173947e+03
4.36385671015575e+02
2.77834800974121e+02
2.23110362785637e+02
2.59064382205970e+02
3.96428797195128e+02
9.73203673385002e+02
5.06046751710319e+02
8.34187184717905e+02
6.17653916509263e+02
7.59178482303047e+02
6.66565092435631e+02
5.25179338592592e+02
5.74272265993280e+02
9.05923226986869e+02
1.17271223171937e+03
6.08307323451722e+02
2.39413047216215e+02
3.30387566520363e+02
2.28021760443128e+02
4.94738957720087e+02
1.27693273321045e+03
9.97787380241394e+02
1.14609981673791e+03
8.28539459245503e+02
5.35318047141688e+02
4.28415448258511e+02
5.25137603654840e+02
1.26129767074550e+03
1.08331053391642e+03
3.62092223000545e+02
2.35557439927974e+02
2.39938063339487e+02
2.93685319620323e+02
4.97547577806904e+02
8.92176830436055e+02
3.20106010555516e+02
2.18294123904025e+02
2.12999821241115e+02
3.31370263335607e+02
3.00769459537155e+02
1.19443164411354e+03
1.16180377988477e+03
1.53660563274289e+03
1.09006454506658e+03
6.74011406000603e+02
3.90010824813100e+02
4.12153614946383e+02
5.38647604532689e+02
1.57738688129740e+03
7.29585162028859e+02
2.55864700536321e+02
2.99077733241233e+02
1.74256946510514e+02
3.40962440980338e+02
6.92342432079901e+02
1.93276900841139e+03
1.46790085667596e+03
9.57345391406685e+02
4.61466254302811e+02
2.78393756519676e+02
3.50244895984501e+02
4.07347861297722e+02
1.42854546050882e+03
4.93192732756987e+02
2.72565977360810e+02
2.45571441170453e+02
2.45871390677006e+02
4.12722906706954e+02
1.11225743567568e+03
4.67611987494523e+02
2.71616156677867e+02
2.11186574286176e+02
1.78481847742795e+02
2.14471600382956e+02
4.53823836774544e+02
9.16033997127147e+02
1.35006284004862e+03
1.04164797028567e+03
5.73297814275276e+02
2.88072526880884e+02
3.32104465700275e+02
4.17138173655760e+02
1.36308560586056e+03
9.36800645247382e+02
3.12851336024720e+02
3.19176189817260e+02
1.61250767591460e+02
2.82623019219193e+02
6.15532834133198e+02
1.30674928487856e+03
1.12542845754417e+03
7.60811085203427e+02
3.48610424327488e+02
3.27586590235408e+02
3.44221385903426e+02
1.08698831011325e+03
4.60394695853404e+02
6.72477147171298e+02
3.26831588207091e+02
2.68588243711402e+02
2.26931180777133e+02
3.23622250694554e+02
8.73540393449061e+02
9.87163690022922e+02
3.35790208931608e+02
2.24250350093555e+02
2.00785166304199e+02
2.20749026921122e+02
1.54702053162463e+02
5.06727759229761e+02
6.53182794689761e+02
8.73968324400198e+02
4.61306372718689e+02
3.85040479769464e+02
3.08951340386509e+02
7.41242395283620e+02
2.88101317426215e+02
5.17185796317838e+02
4.71914203496791e+02
3.75305311808610e+02
1.62998645867485e+02
2.30535653720863e+02
4.19375412130836e+02
8.80083768845817e+02
6.91513624539582e+02
5.25454845423831e+02
4.57953600516838e+02
3.27913520691307e+02
5.50435945668569e+02
1.97080119118285e+02
4.39303240903384e+02
6.37880728067072e+02
4.44577819935613e+02
3.04901224204318e+02
2.22742225148583e+02
2.40897320997931e+02
5.55295295529950e+02
6.72236121120559e+02
6.94300502743719e+02
3.02218739084567e+02
2.16468212960325e+02
1.70965897238383e+02
1.71765941491183e+02
2.57384488614083e+02
3.95801878109946e+02
6.02018137985963e+02
5.89893045971979e+02
4.04996463172446e+02
4.89966112688500e+02
1.45748317807525e+02
3.35507070139630e+02
5.02250606795514e+02
7.35174937224522e+02
4.46136079996778e+02
1.64793663001572e+02
2.09299782571877e+02
3.01491110699432e+02
6.11297972738379e+02
6.04279544395644e+02
1.40166163218220e+03
5.27427536609720e+02
5.61349972164609e+02
1.34272178102248e+02
2.88022203330235e+02
3.67026613406052e+02
5.17615849407482e+02
5.52639463468785e+02
4.25681829224307e+02
2.59283517132521e+02
2.11626776778228e+02
4.12906029221936e+02
5.92139552824961e+02
8.69997426182915e+02
1.91829764066101e+03
2.48847995401877e+02
1.89116775771907e+02
1.95069746341716e+02
1.27775678007832e+02
3.77405050653837e+02
3.84689298524313e+02
6.49471532440312e+02
6.65991116128117e+02
1.57519481021699e+02
3.24811982769685e+02
3.19472435239959e+02
3.94921648161215e+02
5.07503896086092e+02
8.08484940131416e+02
2.30494202002510e+02
2.66465294802752e+02
2.63455454934111e+02
4.82401101795142e+02
6.22535196306495e+02
1.87251910299778e+03
2.01118272791197e+03
2.55773240200661e+02
1.66456901397650e+02
2.03858891396952e+02
1.56090716620044e+02
3.20993213740382e+02
4.13176422859629e+02
6.71325272278234e+02
2.32583196149205e+02
4.47484029373426e+02
3.60158780856779e+02
3.45531694303017e+02
4.36942239270062e+02
7.63548449728411e+02
1.22505730440013e+03
4.49274266367224e+02
2.55380424415701e+02
3.12945871823580e+02
4.12362298305106e+02
7.29378538500836e+02
2.05666749835642e+03
1.18675084937803e+03
2.50124582480925e+02
1.59099743132806e+02
1.59795553219629e+02
2.16933841183498e+02
3.33054776744439e+02
4.35877204290043e+02
8.14456745777985e+02
9.89159550607650e+02
7.69078567026137e+02
4.95464003650226e+02
4.55097842343781e+02
7.20813763672597e+02
1.18577442327762e+03
1.27707541316856e+03
7.45108707719805e+02
3.87416107124232e+02
3.33085781567788e+02
3.44149789777562e+02
1.00657789457353e+03
1.15716730886979e+03
5.92280317972337e+02
3.50569172179771e+02
1.91112111396314e+02
1.32055126216752e+02
3.24030758156496e+02
3.31982739307052e+02
5.34640414175752e+02
7.47321727739663e+02
7.40449947396607e+02
5.31944315073739e+02
4.46884797218674e+02
5.99790069882232e+02
9.73945921017084e+02
1.17089514715018e+03
9.74859560753859e+02
5.10749740521093e+02
3.52535931575799e+02
2.57872337263016e+02
3.70295216799185e+02
9.79836440985424e+02
5.55282835639747e+02
6.99340528883336e+02
2.85570195806305e+02
2.05356836842984e+02
1.22610286887421e+02
3.41136342491661e+02
3.40314410579066e+02
5.20309239617574e+02
8.65485082487805e+02
6.18215076997204e+02
5.26396389540476e+02
5.34600240697000e+02
6.91950012630732e+02
8.76773106271438e+02
8.26205138532194e+02
7.08773036251160e+02
5.06747018219416e+02
3.05433702183773e+02
2.27269424784735e+02
5.46010894024866e+02
6.45447693136721e+02
3.54284016811141e+02
1.26822419775103e+03
7.22281568310079e+02
6.13182605924206e+02
5.45948468197267e+02
6.07292996831877e+02
5.97202406844346e+02
6.23870362729463e+02
4.56786267458824e+02
5.46386624805077e+02
2.76457831404320e+02
2.74299505017856e+02
5.79453011362541e+02
3.54705536204045e+02
5.56537670357162e+02
1.39506867885193e+03
8.32287235566554e+02
5.74225208752346e+02
5.02749540932695e+02
4.74774418111669e+02
5.32106969024903e+02
7.09318776501409e+02
2.17327339039348e+03
4.86217715532270e+02
2.78979035499176e+02
4.33935704390903e+02
4.34725114098016e+02
2.71265234624728e+02
1.28629200050419e+03
1.60495471880389e+03
6.27441161182173e+02
5.33018306649547e+02
4.51787150151846e+02
5.03615158494654e+02
7.35833816244066e+02
1.68007186069659e+03
1.30256510225097e+03
4.51004943292206e+02
3.60658202341551e+02
4.81470634940234e+02
2.50406742704735e+02
4.17988697366264e+02
1.34015206526524e+03
1.38930823331367e+03
6.83607752753561e+02
5.71975011367170e+02
5.85057905370154e+02
8.52067278401274e+02
1.76998707873234e+03
1.54985806084366e+03
1.28731894508677e+03
5.26371353728913e+02
6.05297434982125e+02
3.88566112328041e+02
1.94379078426964e+02
9.11277980080718e+02
1.23106291370049e+03
1.11820810537993e+03
7.72621370078954e+02
8.07201932507557e+02
1.04843598453735e+03
1.79958802139261e+03
1.69949915810871e+03
1.62304917383939e+03
1.03080267532770e+03
8.00742079701235e+02
7.73436442841382e+02
2.76337242364386e+02
3.42150743314734e+02
1.04476947069521e+03
1.13783013226370e+03
1.35903374453956e+03
1.04859780944643e+03
1.24569701639241e+03
1.64145247750786e+03
1.41250397137200e+03
1.32577634454037e+03
9.09691609426655e+02
8.57547393165973e+02
1.22080260372990e+03
6.41264856681011e+02
2.42495206159959e+02
8.15487393082075e+02
8.99200385717039e+02
8.88131244614290e+02
1.54321319336841e+03
1.23333932693642e+03
1.37975967499054e+03
1.05278989882292e+03
8.47816979878732e+02
5.49330158014785e+02
5.74734462270735e+02
3.94812812159946e+02
1.12859385300277e+03
4.21193944165602e+02
4.29920874292003e+02
9.29956261262773e+02
7.28660475790540e+02
8.99990691771172e+02
1.29123034938368e+03
1.19927167959660e+03
9.10458609841497e+02
6.75611206602256e+02
4.20696619086401e+02
4.54036681494937e+02
9.25720754263614e+02
1.41872916939772e+03
7.56483682049422e+02
3.57122806944497e+02
1.03992118301521e+03
6.45630580631675e+02
4.47209716258479e+02
6.76663016714306e+02
7.58415177762839e+02
9.44805890264209e+02
6.55532953224337e+02
4.05241367730314e+02
4.55175055396437e+02
9.49877166657860e+02
1.62430952450974e+03
1.17567222813658e+03
5.42517276558104e+02
6.50746188418702e+02
1.30777419269699e+03
6.20576717820446e+02
5.20421660632759e+02
6.62448001998254e+02
9.92497903858247e+02
8.70969967235912e+02
5.48898178303089e+02
6.02185377700789e+02
1.12865923668755e+03
1.91779195842088e+03
1.31695946931907e+03
1.37096758348937e+03
6.33715858344148e+02
1.92174371479765e+03
1.00733559079229e+03
5.28212918903818e+02
5.89738552746342e+02
6.42641062585622e+02
1.35232717528983e+03
6.91237934486518e+02
8.20596621641214e+02
1.47017425123485e+03
2.50194587646456e+03
1.53067140760963e+03
1.68353839246429e+03
1.46695730937076e+03
1.17096853271754e+03
2.45262892358024e+03
9.40876811854121e+02
5.58314435373379e+02
4.79284013326792e+02
6.34207190641613e+02
7.91679955949733e+02
9.58683302527650e+02
1.73312631600989e+03
3.02172627180729e+03
1.47815427371382e+03
1.54453770048589e+03
1.31092830991331e+03
1.07323142604437e+03
2.56554813284985e+03
1.42115312859101e+03
7.14484633960575e+02
6.12953075454454e+02
4.59620866097400e+02
8.28082806752132e+02
6.27026204560174e+02
1.39253973972871e+03
2.77561414691432e+03
1.25786446638643e+03
1.27243586638661e+03
1.12590427550872e+03
1.02161940037716e+03
1.36071983422228e+03
2.24274721260998e+03
9.37263807991135e+02
6.16538444773033e+02
4.69283904632606e+02
5.02711866508714e+02
6.41068037517369e+02
9.12864209644545e+02
2.41358265211465e+03
9.53437165535606e+02
9.48398116167414e+02
8.73092768443036e+02
8.65617738242288e+02
1.39666814905052e+03
1.52322700888039e+03
8.99562611177485e+02
5.90493269052325e+02
6.03442550587940e+02
4.19192326261580e+02
6.45885100985206e+02
5.52271474592958e+02
8.91729140025869e+02
-5.75090316258446e+01
9.00906584365210e+02
8.08831066495447e+02
7.44888383176246e+02
1.23252026465426e+03
1.48572452080585e+03
1.33707165059709e+03
8.32254489269752e+02
6.95139446371943e+02
5.58135933702832e+02
4.99972350283942e+02
5.34446428525530e+02
8.24197384099378e+02
8.14060576582945e+02
9.48352949635987e+02
9.54275918221209e+02
7.92236991266739e+02
1.15621534932252e+03
1.21597137612405e+03
1.20077539261376e+03
1.34199892332009e+03
9.02088773860295e+02
1.00158195195986e+03
6.09436675182596e+02
6.44418081619299e+02
4.35601844782043e+02
7.95295496013667e+02
8.30432528953870e+02
8.23657568183048e+02
8.89583872963515e+02
1.22976185635202e+03
9.57317754003934e+02
7.60041837545155e+02
8.15022932226400e+02
9.52119749731254e+02
1.07907959273779e+03
9.41953099791573e+02
7.45557021776017e+02
5.56496551929793e+02
7.12036390181147e+02
7.99103539534578e+02
1.11758180585452e+03
9.68378169779309e+02
1.48851237206856e+03
1.16436390200674e+03
8.74474762117359e+02
9.20626072174974e+02
1.08576540692497e+03
1.53700581758375e+03
1.53316152082276e+03
1.26398120350936e+03
9.71918010000310e+02
9.86678698648233e+02
1.04017498228075e+03
1.50822500762388e+03
7.93693921204576e+02
1.16374651473903e+03
1.01782388484203e+03
1.07514066728822e+03
9.87718269201948e+02
1.18587080484598e+03
5.99343293856346e+02
6.86938929687133e+02
1.13301445816385e+03
1.33786490010011e+03
1.24682085808163e+03
1.27828625552269e+03
5.21641409670130e+02
6.60270662710018e+02
1.03848010737211e+03
1.45865249232226e+03
1.53970849995253e+03
1.58735262450141e+03
5.02736268911142e+02
6.68700717336074e+02
1.03275340891720e+03
7.37212511524302e+02
1.53138782358280e+03
1.82817189830027e+03
5.24185496488007e+02
7.12700383006078e+02
1.06102304286857e+03
7.65811229066346e+02
7.82941402476178e+02
1.84519684203531e+03
5.56994365426290e+02
7.81236193776041e+02
1.03700948087784e+03
7.27844467991434e+02
8.08965298643847e+02
7.82312843413011e+02
6.43022019800134e+02
9.85449964607252e+02
1.15874859521996e+03
7.08878506993916e+02
7.76136163835151e+02
8.10372615271124e+02
1.05887544032428e+03
1.27623245062906e+03
1.50484522041922e+03
8.35760875226102e+02
8.27723114572586e+02
8.61173539771773e+02
1.19314798321638e+03
1.09961803740359e+03
