6.09195248120489e+02
6.61518229506508e+02
1.29753061677593e+03
9.99408557740551e+02
1.08544303423484e+03
1.14829586894590e+03
9.97270551858095e+02
8.10412133623899e+02
9.81967238239120e+02
1.12768516563752e+03
7.95379349936752e+02
1.17223543448998e+03
9.56770540474738e+02
1.14529858089525e+03
1.01352775779344e+03
1.01058629377101e+03
1.29018447016259e+03
1.09031026009904e+03
8.02661648625432e+02
6.83622473723475e+02
6.04279824280446e+02
1.08701944339764e+03
1.50057610422405e+03
1.21499167565979e+03
8.36163616785416e+02
3.81719145089076e+02
1.67804404459665e+02
2.81208584799878e+02
1.09368387389101e+03
1.54301208039571e+03
1.31628686980585e+03
9.86217894446930e+02
4.97413346660503e+02
2.13655031030301e+02
1.98081409347415e+02
9.07119297719843e+02
1.09509546245924e+03
1.55538846178253e+03
1.35559344548406e+03
1.05356893037184e+03
5.56521176461146e+02
2.41093061013055e+02
1.55555130310225e+02
2.60192206806769e+02
4.86684188594329e+02
1.09581411407885e+03
1.56508989333579e+03
1.39448188907552e+03
1.12689003237311e+03
6.28233503677515e+02
2.85638091921778e+02
1.81276795793038e+02
1.72305254831725e+02
2.10275644016639e+02
5.29680103409133e+02
1.09695447218861e+03
1.57483912087202e+03
1.42797238649271e+03
1.19016806778166e+03
6.93735755925291e+02
3.29664222308527e+02
2.15244016136364e+02
1.95108418226140e+02
2.04709297038624e+02
3.75387172175180e+02
5.57560548812574e+02
3.12042640503468e+02
9.43503402081799e+02
8.59701232690944e+02
1.08831710020847e+03
1.32096833118629e+03
1.35016442721424e+03
1.04218178108812e+03
7.94492983819000e+02
8.99200503935902e+02
9.11025937297169e+02
9.15889700715321e+02
1.23945773191554e+03
9.33702623907253e+02
1.66005047213442e+03
8.62019534074168e+02
1.04209851136026e+03
1.25486908854812e+03
9.10813806899551e+02
6.76120667284673e+02
5.97000082378350e+02
4.62499395822366e+02
1.28518260286271e+03
9.94185289942553e+02
1.11270746983158e+03
1.24020918636315e+03
1.23727111305740e+03
9.24912265455909e+02
7.86902942867148e+02
9.91696830423453e+02
1.11024599673041e+03
8.35985248550619e+02
1.25699733648885e+03
1.05819350070653e+03
1.16579604873498e+03
1.24131737908771e+03
1.00517992155858e+03
1.28818049903897e+03
1.27054068413807e+03
9.04924100323398e+02
6.06861518144281e+02
4.92819000276259e+02
4.09038986977412e+02
1.09516715593858e+03
1.41646138559860e+03
1.08968283105068e+03
6.27822585631550e+02
3.68673811762349e+02
1.39279449718137e+02
3.71607954620874e+02
1.10228943420470e+03
1.46147072366596e+03
1.18600227885159e+03
7.49972720125574e+02
4.85784905493268e+02
1.63970174976992e+02
2.09791281515977e+02
8.04979521439617e+02
1.10400716862778e+03
1.47888093750798e+03
1.23207854043462e+03
8.17150794735538e+02
5.59845071082097e+02
1.90208857233871e+02
1.61883410144979e+02
2.91456589975394e+02
6.12404413794881e+02
1.10422759805280e+03
1.49087949394700e+03
1.27182081644666e+03
8.80472278063950e+02
6.33201859351886e+02
2.18237715830278e+02
1.78259288320855e+02
1.79373126627783e+02
2.38863528232861e+02
4.40486438553749e+02
1.10631617956322e+03
1.50593678525054e+03
1.30920570757098e+03
9.38467357361405e+02
7.06400471822615e+02
2.53517066931251e+02
2.18065667906047e+02
2.05716202808803e+02
2.56784283523522e+02
4.05284542008971e+02
7.06495482949311e+02
6.45721588933731e+02
8.86767460722706e+02
1.05452922409124e+03
1.11333649430655e+03
8.42355195293623e+02
6.46922366851818e+02
1.05594597247703e+03
8.82370130755056e+02
9.51701561065150e+02
9.70831922858448e+02
1.26754002479154e+03
9.53192635902726e+02
1.40319560244373e+03
9.40405045973713e+02
9.64348540475108e+02
1.24004611739271e+03
1.17122117652634e+03
8.77983112816470e+02
5.73755897189958e+02
3.77137654833406e+02
3.10565917464040e+02
8.79906616267068e+02
1.01332367881728e+03
1.10874830461247e+03
8.79337139522427e+02
6.72969908017034e+02
1.07961957612272e+03
1.03995439857317e+03
1.01434673426519e+03
9.13472976988871e+02
1.40480898433857e+03
1.13204368819552e+03
1.11960007286992e+03
1.05289562589936e+03
9.22959262696223e+02
1.09143144496127e+03
1.34471673341632e+03
1.17691357180675e+03
8.52096293761760e+02
5.96493490446578e+02
3.30545959498300e+02
3.32563185544222e+02
1.49916169787733e+03
1.37499376385820e+03
1.01671344736746e+03
5.57654023148822e+02
2.97368727173745e+02
1.63111250820384e+02
6.38599498859832e+02
1.50582739784156e+03
1.40425656335517e+03
1.07926085053963e+03
6.33433117800368e+02
3.61519219586650e+02
1.59413655370589e+02
2.41244422756366e+02
5.34420651794852e+02
1.50898863384852e+03
1.42325383039858e+03
1.12664141547251e+03
6.98199961946178e+02
4.26217125092845e+02
1.87353660696357e+02
1.61777601881686e+02
2.29552849985490e+02
6.32067804311535e+02
1.51129979325117e+03
1.43873905959659e+03
1.16758375553544e+03
7.57346430130234e+02
4.88877444110730e+02
2.18171043249501e+02
1.76497517661186e+02
1.86118483072129e+02
3.19467729782292e+02
4.88246545813471e+02
8.44263923073364e+02
9.70117725286182e+02
8.81494581577461e+02
7.58261464483744e+02
1.26982157513910e+03
1.29686299406185e+03
1.37236673553048e+03
9.07676491791923e+02
1.04921317209054e+03
1.36969527787669e+03
1.03650216910610e+03
1.32360759929558e+03
7.99998565078625e+02
8.89290634033657e+02
9.09368542869358e+02
8.52701689914159e+02
7.86972141213795e+02
1.33534344321611e+03
1.32592915875924e+03
1.40872842719393e+03
1.00416954432566e+03
8.37813778561613e+02
1.44640149922443e+03
1.19893033866729e+03
1.20134510557541e+03
1.06669014096150e+03
8.26202136683993e+02
8.59559992710187e+02
1.42029626978655e+03
1.39236494539831e+03
1.07298084325235e+03
7.66603923669285e+02
5.74632921030370e+02
2.95648326365289e+02
3.05023123866798e+02
1.40624756555024e+03
1.22238968042967e+03
9.92585882409269e+02
5.28582937903093e+02
2.27069477999939e+02
1.99418891864086e+02
9.02262738040941e+02
1.40997470707677e+03
1.24228216875080e+03
1.04060402681358e+03
5.82071753800665e+02
2.56193809361133e+02
1.59452026553819e+02
2.60253354968215e+02
4.85853144684414e+02
1.41253678271419e+03
1.26088091252113e+03
1.09011820128754e+03
6.43258913257683e+02
3.00215339705999e+02
1.85563505767031e+02
1.75197628263845e+02
2.10854692978921e+02
5.29573216886307e+02
1.41525540706752e+03
1.27647312356516e+03
1.13075220872857e+03
6.95762050788008e+02
3.41216874941774e+02
2.18071405385406e+02
1.98589494403840e+02
2.06033559506181e+02
3.76630784263281e+02
5.57739508898245e+02
9.26369789887915e+02
8.28742830185006e+02
1.40380679963444e+03
1.34161478947995e+03
1.36616389947408e+03
9.49443364476510e+02
1.19728996454955e+03
1.06143978599431e+03
1.45332418733983e+03
1.14464434400092e+03
1.45990082669565e+03
8.56876635035942e+02
8.93386824209213e+02
7.61094493982500e+02
8.57367412362260e+02
1.43191406231144e+03
1.32556618397647e+03
1.21067650460673e+03
7.72486885043986e+02
7.37802388609633e+02
6.19468135195135e+02
1.50943505177170e+03
1.24163608005665e+03
1.29745320460292e+03
1.19019093585969e+03
8.99624385375811e+02
9.01853997814657e+02
6.47525805480762e+02
1.32284387028489e+03
1.29539474226402e+03
1.05404273840369e+03
7.94072221644368e+02
4.22999939429829e+02
3.05958018287622e+02
2.32504133811930e+02
1.40738642205609e+03
1.20782442114424e+03
8.43352070532516e+02
5.62275908212273e+02
1.77117702327484e+02
2.12989546648998e+02
8.01286396969588e+02
1.41282754851169e+03
1.23276382509105e+03
8.96786800697196e+02
6.35615779658487e+02
2.05483693074817e+02
1.69607027118608e+02
2.93012918085552e+02
6.11079334034965e+02
1.41632685120616e+03
1.25326006972642e+03
9.44469071637398e+02
7.04608150314460e+02
2.34648073069883e+02
1.88977269478888e+02
1.86853953602466e+02
2.40722538090085e+02
4.41470165196766e+02
1.42085997661069e+03
1.27181774827581e+03
9.85065094640746e+02
7.67323929124412e+02
2.67675181387403e+02
2.28415919569049e+02
2.15872953434726e+02
2.59879585057763e+02
4.08748396639376e+02
7.07069191844938e+02
1.14857372438554e+03
1.18741473205817e+03
1.14263103465490e+03
8.58067732622577e+02
9.48995471536360e+02
1.34312913670008e+03
1.58856064065413e+03
1.17247518189973e+03
1.00809434797498e+03
1.38567449959672e+03
8.61871830514005e+02
9.16089188881655e+02
7.84355879848765e+02
5.51721321299872e+02
6.30511642886408e+02
8.28219998733964e+02
7.51844896929121e+02
9.40119179016426e+02
1.31175075334832e+03
1.69820038497089e+03
1.11113630758540e+03
7.61051026899938e+02
9.73946470496609e+02
1.03910399867676e+03
8.59005577045584e+02
8.98510254202287e+02
6.52281980846717e+02
5.69066931290678e+02
1.02235542923215e+03
9.95821478329349e+02
8.70259236594956e+02
7.38119052167654e+02
3.61937403648255e+02
2.86076047827790e+02
2.12649742904886e+02
1.07729722930216e+03
1.01088643296932e+03
6.89724680876056e+02
4.23380658190119e+02
1.70247697520486e+02
2.43385751110666e+02
5.32975344287847e+02
1.08047170734361e+03
1.03182625624397e+03
7.37499113316959e+02
4.87968609668542e+02
1.99565904387959e+02
1.70079321914977e+02
2.31705310247322e+02
6.31054701814095e+02
1.08277351051602e+03
1.04877388149388e+03
7.77797227490756e+02
5.45985618136774e+02
2.29679947888533e+02
1.88338655297794e+02
1.92456564039545e+02
3.22119960003023e+02
4.89554803932530e+02
1.00430999200813e+03
8.61539738220616e+02
1.01199972263415e+03
1.22779954547322e+03
1.58648588638509e+03
1.04239324381476e+03
1.01781974716562e+03
9.12099932234450e+02
1.25566701342314e+03
8.30941220324305e+02
9.42864752532456e+02
8.50455863927206e+02
6.16285502658666e+02
6.12155995054070e+02
9.45694802814320e+02
1.09215860897476e+03
1.19674080372118e+03
1.47707880287288e+03
9.16538326536651e+02
9.33742633310404e+02
1.02548808191169e+03
1.13295452690980e+03
1.14531004201573e+03
9.19063656058115e+02
9.58324036838788e+02
7.28734007047368e+02
6.60134244387623e+02
6.49560337730423e+02
1.12131610269494e+03
1.04899413631332e+03
9.28115405221311e+02
5.71986755533148e+02
4.07993401892400e+02
1.95626339274702e+02
2.70203895880973e+02
1.06470544430975e+03
1.05822486881583e+03
6.67686318484146e+02
3.04102169241153e+02
1.73535600663410e+02
2.63671487909273e+02
4.85172848085464e+02
1.06899203702985e+03
1.08379183845128e+03
7.17289605647106e+02
3.51150521743896e+02
2.03269466387966e+02
1.86414049195355e+02
2.14446816957876e+02
5.30756445638250e+02
1.07254858076162e+03
1.10362878228784e+03
7.56424704807775e+02
3.91229898973876e+02
2.36417754887362e+02
2.13945325416392e+02
2.13443151882138e+02
3.83021536066344e+02
5.59710797180838e+02
1.28574055403122e+03
1.29524227854657e+03
1.53832159795293e+03
8.75600553084904e+02
8.81497231590766e+02
9.78703207459311e+02
9.50296138868103e+02
1.42537768653415e+03
9.09256410967794e+02
1.05410998704520e+03
9.60088717722879e+02
7.32646325409534e+02
7.53066601385431e+02
7.46701491614990e+02
9.65531942628457e+02
1.23189638670916e+03
7.50110970209662e+02
8.02525839057717e+02
9.07626691160411e+02
9.09856951303303e+02
9.48783883029593e+02
1.03526752043264e+03
8.92868822627590e+02
1.01116684542939e+03
8.45262581389976e+02
8.45849452404529e+02
8.54050342183295e+02
8.03624902040260e+02
9.59682204606570e+02
9.41435215109197e+02
9.10248792674462e+02
4.87121654468693e+02
3.86018503469014e+02
1.51297306026813e+02
2.69277090584235e+02
1.04346901221487e+03
9.29834780141868e+02
7.33110154427383e+02
2.30599242941275e+02
1.83077377820553e+02
2.96628605353427e+02
6.09459885728735e+02
1.04834891008752e+03
9.55946203154249e+02
7.90255054841659e+02
2.60387047341360e+02
2.06737647724192e+02
2.00105849985205e+02
2.44718771317018e+02
4.43608823589905e+02
1.05290308224160e+03
9.76887067901129e+02
8.37259795773673e+02
2.89959708045633e+02
2.45521692279196e+02
2.33419068938547e+02
2.66682591067949e+02
4.15823922540178e+02
7.08778808761727e+02
7.13164094092025e+02
6.67349141078703e+02
7.75547339696457e+02
9.01533581410523e+02
8.85792912943568e+02
8.80098260415420e+02
6.94744199701734e+02
7.00096457463544e+02
9.87183728321322e+02
9.84179711378445e+02
8.36885741568237e+02
9.95945164259905e+02
1.04866964221284e+03
7.60624186857635e+02
1.05790565186852e+03
9.90581774636528e+02
1.07448265697121e+03
1.00084548705921e+03
9.32205346319040e+02
7.28741236039435e+02
6.22528372255035e+02
1.06552375362409e+03
1.11463701204427e+03
9.04324046116672e+02
8.98438473980914e+02
9.41189081324652e+02
9.28876151341800e+02
1.01024666746150e+03
1.08875088542174e+03
9.90938824871978e+02
7.16009874657145e+02
5.57236951495939e+02
2.49267805545517e+02
1.84180381052207e+02
3.75641399753427e+02
1.02554180844225e+03
8.40181682745977e+02
6.07856777598549e+02
2.24726738550704e+02
1.85632834254144e+02
2.36973781055680e+02
6.31097339325028e+02
1.03199069805411e+03
8.68583504144902e+02
6.65544075307653e+02
2.56654208217109e+02
2.10284681606595e+02
2.04966051876150e+02
3.28662546101489e+02
4.92698586468188e+02
1.41218229719827e+03
1.44248136105800e+03
1.27662346997935e+03
1.08048968839899e+03
8.22563894984016e+02
6.44735083279063e+02
7.70354013462615e+02
1.50463914479719e+03
1.21549565008051e+03
8.97777761198756e+02
9.99979688489212e+02
9.43884934604591e+02
6.87274230394858e+02
1.13983436409315e+03
1.26323589792369e+03
1.25620726382463e+03
1.11109185285501e+03
8.75469070642590e+02
6.43066045710073e+02
5.79542803775012e+02
6.96270942047990e+02
1.27839421533116e+03
9.81559977675189e+02
8.77364625317530e+02
8.83662879835535e+02
7.97000735366171e+02
6.00519750203888e+02
1.05927184881486e+03
1.00793690532364e+03
1.00652137752184e+03
6.31629534239556e+02
5.73692447751917e+02
1.76556265986698e+02
2.08173304029056e+02
7.07490628877814e+02
1.03202532116712e+03
7.98626103890991e+02
4.22553382040121e+02
2.24795024557044e+02
2.00286995803822e+02
2.19277186690745e+02
5.32466887931551e+02
1.03887368143723e+03
8.24675615632690e+02
4.60541108208434e+02
2.57626954773278e+02
2.31857259967097e+02
2.22941585756669e+02
3.91297934446692e+02
5.62466300070080e+02
1.08682485835852e+03
1.08911770872858e+03
9.33635864172500e+02
7.15758255741960e+02
6.15202803652921e+02
6.15945819054058e+02
6.31599996773063e+02
1.08229898148173e+03
8.21219789788174e+02
8.90224393997950e+02
7.79415776937716e+02
5.37499510769588e+02
5.07438252888822e+02
8.02291452530573e+02
1.05651913940388e+03
9.78729465754538e+02
7.97334269499608e+02
6.90414156326615e+02
6.92557481532453e+02
6.41383946809991e+02
7.49189140379773e+02
9.60731902829831e+02
8.15469553374271e+02
8.28638052735163e+02
7.19331155048553e+02
4.10713380250367e+02
4.92914405248323e+02
6.62473297742144e+02
8.91540988330070e+02
7.73820765317546e+02
7.07517126665927e+02
3.44803672713212e+02
1.73892500440890e+02
2.19820737918011e+02
6.59383577397967e+02
8.99286195542964e+02
8.66619496430751e+02
2.85578127917375e+02
2.19766762822802e+02
2.10956378631452e+02
2.47792623226111e+02
4.45357953899140e+02
9.06382847397470e+02
8.96576561250301e+02
3.09685372304797e+02
2.54444888475546e+02
2.45549489879335e+02
2.71168049291034e+02
4.21660877326626e+02
7.10051722341293e+02
9.79119852632032e+02
8.80543376997050e+02
7.57862959793682e+02
7.61453622861467e+02
6.88253233829419e+02
6.90001270635356e+02
6.97227750467871e+02
8.80222315427538e+02
8.79295067001240e+02
7.78831249054721e+02
5.69842567394017e+02
3.64738310876486e+02
4.14733057842812e+02
5.33875511923303e+02
9.20278343957378e+02
6.92608145073753e+02
8.39162686003442e+02
2.64713921524857e+02
1.70811404896089e+02
2.73634101873646e+02
6.59982174392581e+02
9.76179443959350e+02
8.43496262105437e+02
8.33518133882075e+02
8.15144295837658e+02
7.69339480289107e+02
7.58023926988826e+02
6.17376885484355e+02
8.60197518962230e+02
8.61440589659210e+02
7.92576951408827e+02
4.74289016038892e+02
4.48755258234009e+02
4.17630295212341e+02
4.75884457686643e+02
9.13752347674083e+02
7.13867117319258e+02
7.99124060195583e+02
2.26727051181863e+02
1.94661247488851e+02
4.32263198454166e+02
9.40897907615701e+02
8.38467217632590e+02
7.83895554128049e+02
2.67787563922170e+02
2.18303800338659e+02
2.10434199424250e+02
3.30233371235054e+02
4.93827421949119e+02
7.82657529820319e+02
7.81742968834166e+02
8.42208142676988e+02
8.03438923717417e+02
8.51905577922700e+02
7.78455192655008e+02
5.45731255794211e+02
7.96542108839348e+02
7.58745205490472e+02
6.54921585320641e+02
4.47661707450780e+02
4.99988860629743e+02
4.45873733992963e+02
3.85751440733313e+02
7.91101995517841e+02
7.65950041598046e+02
7.04697898829914e+02
2.39906952385747e+02
1.93835634976660e+02
6.18799314487866e+02
1.53948883104430e+03
6.64076573171005e+02
7.47730701394492e+02
7.37366594380508e+02
8.70805302768411e+02
9.03727724057674e+02
6.50913783778917e+02
1.35173830466901e+03
6.96082173578975e+02
7.18365588426240e+02
5.21553949442242e+02
5.38522837938750e+02
4.71716742989834e+02
3.78476041007262e+02
3.91844171781365e+02
7.03565095082200e+02
8.44744136489083e+02
5.16424513761011e+02
2.27960020094794e+02
2.16966576504413e+02
6.57227250455285e+02
1.76433442748677e+03
7.66089636931063e+02
5.27385747160187e+02
2.55863749584189e+02
2.29696513706137e+02
2.22228189822647e+02
3.91014742418788e+02
5.62078195192998e+02
5.03383440231035e+02
5.85170009013891e+02
6.87407620863346e+02
7.61471802388123e+02
5.78492041179341e+02
1.08634253071475e+03
1.17537555294068e+03
5.71564110325664e+02
5.98710571714165e+02
4.85765591279208e+02
6.14788532710887e+02
4.60741644372212e+02
2.17215943915531e+02
2.57793605943952e+02
6.78273041130519e+02
6.21217740729298e+02
6.80812025309471e+02
5.47220552789990e+02
8.84297870406501e+02
1.12294060243409e+03
1.74322392664768e+03
6.06380995481343e+02
5.27671461370157e+02
6.34207171551156e+02
6.19687932469150e+02
4.33151387790196e+02
2.41271513269082e+02
4.51392266240532e+02
6.44866396021859e+02
9.66216872523949e+02
2.84575008871590e+02
2.06191241629682e+02
2.51151090357315e+02
5.06306722417797e+02
7.47512349173112e+02
9.12979459817435e+02
3.34961974743595e+02
2.45109506818283e+02
2.37907953190925e+02
2.63714889440615e+02
4.18566680207721e+02
7.07806013164602e+02
6.71475059189290e+02
6.20200777428864e+02
4.95800610868541e+02
6.10634062412894e+02
7.17849636578040e+02
1.21241418299001e+03
1.07939291887013e+03
5.73928247216046e+02
5.29926457796897e+02
8.14744475125703e+02
6.75492264313663e+02
2.98050539852388e+02
2.51988498273733e+02
7.95395703135593e+02
7.93466480478785e+02
5.71040675433041e+02
5.56067152538014e+02
5.55743510313141e+02
8.98428570813696e+02
8.04312729805637e+02
1.00533548663917e+03
5.85531973892069e+02
7.23101589168628e+02
8.37502700225664e+02
6.10241247053097e+02
2.21201485137388e+02
2.52414746109850e+02
5.22301546201971e+02
8.78869993155351e+02
6.72111332734884e+02
2.61878207519566e+02
1.83717526827451e+02
2.73413091514891e+02
6.04654637583548e+02
5.91200288155261e+02
7.13966501979632e+02
5.89220197037566e+02
5.28271554368029e+02
7.71295345493488e+02
6.18522748447053e+02
7.71857727981122e+02
8.30254257651642e+02
6.17936453783852e+02
1.00660796571103e+03
9.30214221891165e+02
4.19451318193598e+02
2.07157376312476e+02
3.92420965344045e+02
4.33918334466048e+02
6.64899570774967e+02
5.75949181392576e+02
8.15203743868712e+02
6.05560924011121e+02
6.01429599222688e+02
6.25862711752922e+02
5.31866182784497e+02
7.72622679995279e+02
1.02875443972919e+03
8.18457583174240e+02
2.75957026279284e+02
2.16530118421529e+02
3.18305594579714e+02
4.86608398988402e+02
1.15135575609827e+03
3.68230595833276e+02
2.48559000653685e+02
2.06902191762953e+02
2.65288878697877e+02
4.06563645403937e+02
9.74208245418081e+02
5.28823308314571e+02
7.97010115443747e+02
6.88832229499777e+02
6.65330033044680e+02
6.22766421243100e+02
4.92866723586799e+02
5.62965075001554e+02
8.99205261573778e+02
9.76283083468063e+02
4.97751218277358e+02
2.12114425209424e+02
2.79389502592963e+02
2.43726588777479e+02
4.79815034069531e+02
1.24838862160254e+03
1.14156506950316e+03
1.01389938408170e+03
7.75889624204159e+02
4.89743207783297e+02
4.11777748800669e+02
5.28852384559480e+02
1.30446474340082e+03
9.69952041115482e+02
3.26335327978270e+02
2.13492836447074e+02
2.38167007136342e+02
2.86545793389947e+02
5.17090537521452e+02
7.96733003627779e+02
2.83733662632455e+02
1.98277584114262e+02
2.02445695364600e+02
3.15902101291589e+02
3.47056325655057e+02
1.17306151037740e+03
1.13121601865379e+03
1.20807983076826e+03
9.60362073683309e+02
5.92455454107943e+02
3.66268573306940e+02
4.15624476999012e+02
5.65822688033892e+02
1.26942209323878e+03
6.33266301473914e+02
2.30719787885823e+02
2.54453556041773e+02
1.87124832539859e+02
3.34741287358251e+02
6.81628448567741e+02
1.72443801410855e+03
1.48775925118380e+03
9.49952914619407e+02
4.56606211579074e+02
2.51260963412846e+02
2.87422888313981e+02
3.49517626308362e+02
1.44342065708663e+03
5.01665588300068e+02
2.63048279478166e+02
2.48032992162105e+02
2.41011162433007e+02
4.35333985856407e+02
1.08147029612848e+03
4.69784445879187e+02
2.64039429111069e+02
2.03609647936109e+02
1.87244930916203e+02
2.28190662835941e+02
4.66409713590926e+02
9.20890067863018e+02
1.18966013322238e+03
1.00093718548479e+03
5.71350316481826e+02
2.96389969171152e+02
3.51400473458369e+02
4.72488468818524e+02
1.17666029421712e+03
9.08095188930991e+02
3.07582775326850e+02
2.89997376713169e+02
1.87140775879876e+02
2.89982675236450e+02
6.32855204709687e+02
1.31830574587355e+03
1.15361318911048e+03
8.07595899821268e+02
3.69262502506724e+02
3.35526104232846e+02
3.61476902667759e+02
9.41078410118635e+02
6.08753149026984e+02
7.14227759243094e+02
3.30032611602652e+02
2.76944090806586e+02
2.23522581349671e+02
3.40734090444145e+02
8.55470411971420e+02
1.01070635660162e+03
3.40467720336683e+02
2.18728193428717e+02
1.96946121479259e+02
2.11855367469364e+02
1.93927877113818e+02
4.82196911946566e+02
6.64124110898177e+02
1.03594565495893e+03
4.85148265184712e+02
3.89033843547030e+02
3.14577392937608e+02
6.19364037008422e+02
4.12960755462360e+02
5.92758378858682e+02
4.90691198446508e+02
3.59316003647226e+02
1.96121005264678e+02
2.32336847438150e+02
4.14462334652739e+02
8.41100743021490e+02
7.48453607574950e+02
5.78804972066284e+02
4.64175188582000e+02
3.35395384275351e+02
4.80299455995085e+02
2.95858583596646e+02
4.61934661805105e+02
7.00199808739537e+02
4.51561032574365e+02
3.16238899172715e+02
2.14509678010892e+02
2.41106342196415e+02
5.14136034442488e+02
6.34333626502650e+02
6.89947666840108e+02
3.07911847322628e+02
2.14519369544614e+02
1.79885728379766e+02
1.82057568048369e+02
2.61750418925085e+02
3.86529155145936e+02
6.01585978891704e+02
5.91369890236390e+02
4.13466658078386e+02
4.44566796353965e+02
2.32809802290713e+02
3.39005040634838e+02
5.15014569182655e+02
7.67323544902591e+02
4.39482667150447e+02
2.06532310030077e+02
2.06910147558338e+02
2.86690323076203e+02
5.59469945899214e+02
6.02281725325177e+02
1.14816648954395e+03
5.28028440450973e+02
5.07896301370828e+02
2.28106162328915e+02
2.70353634176024e+02
3.58008877494565e+02
5.02042774971902e+02
5.99308982961997e+02
4.27956604794838e+02
2.42626413132696e+02
2.14051318114756e+02
4.01921364064767e+02
6.00312146846541e+02
9.14580260690781e+02
1.79406211482691e+03
2.35331278525831e+02
1.85114599895625e+02
1.86787020119626e+02
1.67770139151876e+02
3.45515681947157e+02
3.86888003600754e+02
6.44732883970730e+02
5.97372574689712e+02
2.88518233289696e+02
2.93269691375332e+02
3.11807646362225e+02
3.90958971693688e+02
5.37851667230299e+02
7.48061342119894e+02
3.08338822940178e+02
2.58022778819236e+02
2.57878824125351e+02
4.73022038892627e+02
6.72433411509414e+02
1.79937785191737e+03
1.91890194420610e+03
2.46079508260741e+02
1.73703219290260e+02
1.90482568368764e+02
1.70366340106788e+02
3.36350820985365e+02
4.17151368991483e+02
7.02855796210601e+02
3.60190024910075e+02
3.83887682682646e+02
3.42087185802191e+02
3.40620568910707e+02
4.63110484102803e+02
7.29925020502900e+02
1.00730907972845e+03
3.93639426718939e+02
2.53398079704107e+02
3.03478481871939e+02
4.23570621715868e+02
7.72731615525425e+02
1.92946506004684e+03
1.30740938483696e+03
2.43260319299875e+02
1.63907438476364e+02
1.67087586758282e+02
2.21664891398617e+02
3.29865163707660e+02
4.42609718748314e+02
7.94146619382825e+02
1.09018457919563e+03
8.27322657355204e+02
5.60198635552237e+02
5.04763331349117e+02
7.02931565782177e+02
1.16049035322974e+03
1.23117860998914e+03
8.18892148268658e+02
4.18985922002058e+02
3.36301925429679e+02
3.63458435728656e+02
9.10452448793821e+02
1.02321967334281e+03
6.28389384552197e+02
3.79936384129895e+02
2.09591005936262e+02
1.51861688992398e+02
3.05724577115055e+02
3.30573681213274e+02
5.16796318715847e+02
7.56797782457167e+02
6.59892554616446e+02
5.06159905293865e+02
4.45637990081456e+02
5.73422177726650e+02
9.84517100923365e+02
1.17617239203817e+03
1.09750250049964e+03
4.81767232113471e+02
3.23540538754513e+02
2.53403902039854e+02
3.75487506706273e+02
8.71051615155799e+02
5.84162293659097e+02
7.28868394659743e+02
2.67109521918003e+02
1.93702333895661e+02
1.59032245308892e+02
3.01068198104083e+02
3.41071345808663e+02
5.15021428472801e+02
8.61396453091404e+02
5.43190629142772e+02
4.97474079104044e+02
4.92441916032921e+02
6.87206456404464e+02
8.49911584541431e+02
8.65954564090697e+02
9.40251532781248e+02
4.65993564938577e+02
2.99331971427385e+02
2.42834406581766e+02
5.01310036375654e+02
5.87962066687907e+02
4.12698450350344e+02
1.16274219118338e+03
6.35368620225817e+02
5.62438329552434e+02
5.46698730405483e+02
5.80792820165269e+02
6.13237830684301e+02
6.94066067630499e+02
9.07334121356639e+02
5.14141933297230e+02
2.78382290982741e+02
2.79466623192856e+02
5.15948306522349e+02
3.86393302151967e+02
6.09305528186428e+02
1.34084251590360e+03
7.41511364544373e+02
5.84143003671358e+02
4.81597769994236e+02
4.71210152275625e+02
5.43061499357113e+02
6.94209466428140e+02
1.14935334874612e+03
4.94998125370593e+02
2.97229650845869e+02
4.06811609226449e+02
4.09529198913187e+02
3.31059618698690e+02
1.24474884468321e+03
1.58719149183969e+03
5.52110582530803e+02
5.01852242886107e+02
4.45877795284877e+02
5.10861676620664e+02
6.91337684988006e+02
1.30910264790060e+03
9.95826914949178e+02
4.35430765366198e+02
3.52684765611362e+02
4.27821952962176e+02
2.81520393534006e+02
4.62705440495160e+02
1.29097886602048e+03
1.33122182502827e+03
6.97142627917483e+02
5.88798416560650e+02
6.19543572362105e+02
8.38747383333647e+02
1.65081273749515e+03
1.45107233136207e+03
1.23630480051790e+03
5.43589837901924e+02
5.65393701689452e+02
3.69340042711169e+02
2.38357838854856e+02
8.39350968014963e+02
1.18005457183061e+03
1.11708271554532e+03
9.43760797106270e+02
8.59385614795621e+02
1.01371263319455e+03
1.69764382363918e+03
1.58912537924646e+03
1.57470061320388e+03
1.16012234539109e+03
8.19434240477664e+02
7.33051229866885e+02
3.21608968226162e+02
3.80134363428710e+02
1.00355503021741e+03
1.12201615585064e+03
1.37072582387603e+03
1.12206738703386e+03
1.19696716260489e+03
1.57985209854417e+03
1.34574384445479e+03
1.32075747435222e+03
1.07539393777539e+03
1.44610610592987e+03
1.17221762415490e+03
6.46441162263731e+02
3.00366538054642e+02
7.54531136934212e+02
9.00612916302805e+02
9.26151115102224e+02
1.51223615511461e+03
1.08554506129257e+03
1.28872775866965e+03
9.76036742034749e+02
8.17493375056545e+02
5.98170645033032e+02
6.11250469333285e+02
-1.17191959600735e+01
1.06747196772175e+03
4.82742788880424e+02
4.46382140534141e+02
8.53522138857479e+02
7.18774738110635e+02
9.09001101423910e+02
1.35783209755111e+03
8.97081515060980e+02
8.19346685715970e+02
6.75949973876581e+02
4.98357447471253e+02
5.10208836037965e+02
9.17663253766786e+02
1.09324689458140e+03
7.09971102530923e+02
4.06627001209034e+02
8.99339231305316e+02
6.34110586270797e+02
4.39229539141298e+02
6.08145886392451e+02
7.08724495840352e+02
5.06392644722634e+02
6.58308740801717e+02
4.88886409919687e+02
4.86069985804134e+02
9.61589193655180e+02
1.40534236935717e+03
9.32201373766233e+02
5.81584307635877e+02
6.31327576580402e+02
1.15207592939947e+03
5.98600982374788e+02
5.15376373841008e+02
6.77819487064558e+02
1.04315801999399e+03
1.51809282713922e+03
7.57269259417146e+02
6.31481228228807e+02
1.15529189683839e+03
1.68503335402184e+03
1.32839190845538e+03
1.19888092935614e+03
8.00261687696470e+02
1.75135309255836e+03
1.05018401550699e+03
5.53929932609479e+02
5.80426000172569e+02
6.79347283728915e+02
1.29593711654061e+03
9.86783855874720e+02
8.49864139980038e+02
1.51595542489485e+03
2.23245797657022e+03
1.63431785781577e+03
1.62073138381280e+03
1.45344750463059e+03
1.18590357509830e+03
2.30680532916457e+03
9.49646460007363e+02
5.68256898768389e+02
4.85661624395687e+02
6.35557266127254e+02
7.48454039665159e+02
1.00284466631566e+03
1.78739333252213e+03
2.68669496816923e+03
1.61272523507672e+03
1.46964195080486e+03
1.28713661651309e+03
1.09096029819781e+03
2.47227946088385e+03
1.56861205027939e+03
7.77671450168764e+02
6.13919673279314e+02
4.79697323558857e+02
7.75135661069445e+02
6.84141724893734e+02
1.33463420695438e+03
2.31729137001317e+03
1.38537281736606e+03
1.19868227146991e+03
1.10597983792041e+03
1.04046751958229e+03
1.27790590494211e+03
2.02544157160103e+03
9.26319593683608e+02
6.18399293326301e+02
4.76057829461927e+02
5.08793910479337e+02
6.30444689097677e+02
8.72845578402725e+02
1.42614282569210e+03
1.02164775992992e+03
8.77167533399479e+02
8.67132610882073e+02
9.08848093596488e+02
1.37433521884326e+03
1.49376409623018e+03
9.18112780373596e+02
5.82149167983377e+02
5.64382778152801e+02
4.23996419879005e+02
6.10908433939858e+02
6.10768848521895e+02
8.94737183268118e+02
4.42158945828578e+02
8.80874450007145e+02
8.14084372234847e+02
7.77289716363056e+02
1.19694719559024e+03
1.44971376121741e+03
1.43266591881977e+03
8.22071375172098e+02
6.80680009461547e+02
5.51969621535939e+02
4.92881131679198e+02
5.23897300093514e+02
8.00362227933992e+02
8.20686838518949e+02
1.11948844339936e+03
1.03107775924640e+03
8.65928828706105e+02
1.14648419730620e+03
1.20940302581644e+03
1.30904418476943e+03
1.44899050767637e+03
9.82861710850056e+02
1.00344502143588e+03
6.46826669633060e+02
6.24532289237938e+02
4.81662659442697e+02
7.85218539179570e+02
8.69455190500828e+02
1.04710218435530e+03
9.47613600879933e+02
1.18057462999239e+03
9.20903972976944e+02
7.68245218476184e+02
7.58658763864854e+02
8.52531071987955e+02
1.10559901255218e+03
9.67758444130728e+02
7.45196849212656e+02
5.47817753826400e+02
6.92992524627303e+02
8.06838051618106e+02
1.13393408575096e+03
1.11215301163512e+03
1.47695090390612e+03
1.18758210579172e+03
9.55735672916260e+02
9.38245101266258e+02
1.14730394616416e+03
1.41294467407990e+03
1.51537739207606e+03
1.29794435429273e+03
1.06938232056625e+03
1.00490242582652e+03
1.09490325270395e+03
1.39377659695651e+03
9.19908842527637e+02
1.15926182347104e+03
1.08333635842573e+03
1.05047830696208e+03
9.77935247670509e+02
1.04471030692742e+03
6.15906622591541e+02
7.20040948754900e+02
1.22978007966496e+03
1.32808667057586e+03
1.24931627961592e+03
1.17522276640127e+03
5.77360862709004e+02
7.22019218168009e+02
8.91562830719131e+02
1.46822056873324e+03
1.56138056841445e+03
1.49776166694012e+03
5.87687001564383e+02
7.21785613420466e+02
9.43859831673009e+02
7.44780174008490e+02
1.47966280318185e+03
1.67653196228301e+03
6.29215782933279e+02
7.56709037320267e+02
9.87037844853598e+02
8.06164340046189e+02
8.24728451455191e+02
1.66272959985646e+03
6.81202679973412e+02
8.02826306325711e+02
9.51421951596427e+02
7.53434536709809e+02
8.07309152517980e+02
8.38858656835767e+02
8.15871606686564e+02
9.70432079194552e+02
1.04951819511558e+03
7.37123250986945e+02
7.76727716024692e+02
8.64753584350307e+02
1.06886858905153e+03
1.34968345534043e+03
1.47242635009772e+03
9.20448583627365e+02
8.43753301120948e+02
9.19898190209631e+02
1.18486528280277e+03
1.11465107151703e+03
