Project8 Gradient XL_1
2.50
11
15
Type of measurement (0=app.resistivity,1=resistance)
1
1478
2
0
4 0.00 0.00 22.50 0.00 2.50 0.00 5.00 0.00 41.8211
4 0.00 0.00 22.50 0.00 5.00 0.00 7.50 0.00 13.6649
4 2.50 0.00 25.00 0.00 5.00 0.00 7.50 0.00 40.7176
4 0.00 0.00 22.50 0.00 7.50 0.00 10.00 0.00 5.94009
4 0.00 0.00 22.50 0.00 10.00 0.00 12.50 0.00 5.30917
4 2.50 0.00 25.00 0.00 7.50 0.00 10.00 0.00 11.1359
4 0.00 0.00 22.50 0.00 12.50 0.00 15.00 0.00 6.3355
4 2.50 0.00 25.00 0.00 10.00 0.00 12.50 0.00 6.81095
4 5.00 0.00 27.50 0.00 7.50 0.00 10.00 0.00 29.9168
4 0.00 0.00 22.50 0.00 15.00 0.00 17.50 0.00 11.4099
4 2.50 0.00 25.00 0.00 12.50 0.00 15.00 0.00 4.98728
4 5.00 0.00 27.50 0.00 10.00 0.00 12.50 0.00 12.3211
4 0.00 0.00 22.50 0.00 17.50 0.00 20.00 0.00 41.5937
4 7.50 0.00 30.00 0.00 10.00 0.00 12.50 0.00 37.2864
4 2.50 0.00 25.00 0.00 15.00 0.00 17.50 0.00 6.05668
4 5.00 0.00 27.50 0.00 12.50 0.00 15.00 0.00 5.92773
4 0.00 0.00 45.00 0.00 5.00 0.00 10.00 0.00 17.7172
4 7.50 0.00 30.00 0.00 12.50 0.00 15.00 0.00 11.87
4 5.00 0.00 27.50 0.00 15.00 0.00 17.50 0.00 4.00592
4 2.50 0.00 25.00 0.00 17.50 0.00 20.00 0.00 15.3948
4 10.00 0.00 32.50 0.00 12.50 0.00 15.00 0.00 36.1639
4 2.50 0.00 25.00 0.00 20.00 0.00 22.50 0.00 30.4255
4 0.00 0.00 45.00 0.00 10.00 0.00 15.00 0.00 4.32327
4 5.00 0.00 27.50 0.00 17.50 0.00 20.00 0.00 5.53989
4 2.50 0.00 47.50 0.00 7.50 0.00 12.50 0.00 16.0489
4 7.50 0.00 30.00 0.00 15.00 0.00 17.50 0.00 5.69464
4 10.00 0.00 32.50 0.00 15.00 0.00 17.50 0.00 11.1577
4 7.50 0.00 30.00 0.00 17.50 0.00 20.00 0.00 4.39827
4 5.00 0.00 27.50 0.00 20.00 0.00 22.50 0.00 7.28972
4 12.50 0.00 35.00 0.00 15.00 0.00 17.50 0.00 38.3927
4 10.00 0.00 32.50 0.00 17.50 0.00 20.00 0.00 6.14009
4 7.50 0.00 30.00 0.00 20.00 0.00 22.50 0.00 3.39951
4 2.50 0.00 47.50 0.00 12.50 0.00 17.50 0.00 4.10558
4 5.00 0.00 27.50 0.00 22.50 0.00 25.00 0.00 28.0288
4 0.00 0.00 45.00 0.00 15.00 0.00 20.00 0.00 1.55181
4 5.00 0.00 50.00 0.00 10.00 0.00 15.00 0.00 16.9084
4 12.50 0.00 35.00 0.00 17.50 0.00 20.00 0.00 13.5078
4 10.00 0.00 32.50 0.00 20.00 0.00 22.50 0.00 2.98215
4 7.50 0.00 30.00 0.00 22.50 0.00 25.00 0.00 7.91097
4 10.00 0.00 32.50 0.00 22.50 0.00 25.00 0.00 3.36728
4 7.50 0.00 30.00 0.00 25.00 0.00 27.50 0.00 38.7674
4 15.00 0.00 37.50 0.00 17.50 0.00 20.00 0.00 38.986
4 0.00 0.00 45.00 0.00 20.00 0.00 25.00 0.00 0.785054
4 2.50 0.00 47.50 0.00 17.50 0.00 22.50 0.00 1.5307
4 5.00 0.00 50.00 0.00 15.00 0.00 20.00 0.00 4.16798
4 12.50 0.00 35.00 0.00 20.00 0.00 22.50 0.00 5.03544
4 7.50 0.00 52.50 0.00 12.50 0.00 17.50 0.00 16.5566
4 15.00 0.00 37.50 0.00 20.00 0.00 22.50 0.00 10.7961
4 10.00 0.00 32.50 0.00 25.00 0.00 27.50 0.00 7.98702
4 12.50 0.00 35.00 0.00 22.50 0.00 25.00 0.00 3.36899
4 12.50 0.00 35.00 0.00 25.00 0.00 27.50 0.00 3.91914
4 10.00 0.00 55.00 0.00 15.00 0.00 20.00 0.00 16.4206
4 10.00 0.00 32.50 0.00 27.50 0.00 30.00 0.00 34.6568
4 15.00 0.00 37.50 0.00 22.50 0.00 25.00 0.00 5.53073
4 2.50 0.00 47.50 0.00 22.50 0.00 27.50 0.00 0.968043
4 5.00 0.00 50.00 0.00 20.00 0.00 25.00 0.00 1.36776
4 7.50 0.00 52.50 0.00 17.50 0.00 22.50 0.00 4.25135
4 0.00 0.00 45.00 0.00 25.00 0.00 30.00 0.00 1.02819
4 17.50 0.00 40.00 0.00 20.00 0.00 22.50 0.00 30.4767
4 15.00 0.00 37.50 0.00 25.00 0.00 27.50 0.00 4.23255
4 12.50 0.00 35.00 0.00 27.50 0.00 30.00 0.00 7.47189
4 17.50 0.00 40.00 0.00 22.50 0.00 25.00 0.00 11.2966
4 15.00 0.00 37.50 0.00 27.50 0.00 30.00 0.00 3.34929
4 12.50 0.00 57.50 0.00 17.50 0.00 22.50 0.00 17.8977
4 0.00 0.00 45.00 0.00 30.00 0.00 35.00 0.00 2.20096
4 10.00 0.00 55.00 0.00 20.00 0.00 25.00 0.00 3.64987
4 12.50 0.00 35.00 0.00 30.00 0.00 32.50 0.00 30.2865
4 20.00 0.00 42.50 0.00 22.50 0.00 25.00 0.00 37.7873
4 5.00 0.00 50.00 0.00 25.00 0.00 30.00 0.00 1.01253
4 7.50 0.00 52.50 0.00 22.50 0.00 27.50 0.00 1.6603
4 2.50 0.00 47.50 0.00 27.50 0.00 32.50 0.00 1.02208
4 17.50 0.00 40.00 0.00 25.00 0.00 27.50 0.00 6.98785
4 15.00 0.00 37.50 0.00 30.00 0.00 32.50 0.00 7.18096
4 20.00 0.00 42.50 0.00 25.00 0.00 27.50 0.00 17.275
4 17.50 0.00 40.00 0.00 27.50 0.00 30.00 0.00 3.0164
4 15.00 0.00 60.00 0.00 20.00 0.00 25.00 0.00 15.7335
4 12.50 0.00 57.50 0.00 22.50 0.00 27.50 0.00 4.45724
4 0.00 0.00 90.00 0.00 10.00 0.00 20.00 0.00 5.62651
4 5.00 0.00 50.00 0.00 30.00 0.00 35.00 0.00 1.08065
4 10.00 0.00 55.00 0.00 25.00 0.00 30.00 0.00 1.64716
4 0.00 0.00 45.00 0.00 35.00 0.00 40.00 0.00 6.67527
4 20.00 0.00 42.50 0.00 27.50 0.00 30.00 0.00 5.05174
4 2.50 0.00 47.50 0.00 32.50 0.00 37.50 0.00 2.27263
4 15.00 0.00 37.50 0.00 32.50 0.00 35.00 0.00 27.4909
4 7.50 0.00 52.50 0.00 27.50 0.00 32.50 0.00 0.869241
4 22.50 0.00 45.00 0.00 25.00 0.00 27.50 0.00 40.5924
4 17.50 0.00 40.00 0.00 30.00 0.00 32.50 0.00 3.29823
4 22.50 0.00 45.00 0.00 27.50 0.00 30.00 0.00 9.28229
4 17.50 0.00 40.00 0.00 32.50 0.00 35.00 0.00 7.47004
4 20.00 0.00 42.50 0.00 30.00 0.00 32.50 0.00 2.86912
4 10.00 0.00 55.00 0.00 30.00 0.00 35.00 0.00 0.812377
4 22.50 0.00 45.00 0.00 30.00 0.00 32.50 0.00 3.80471
4 17.50 0.00 40.00 0.00 35.00 0.00 37.50 0.00 19.9749
4 2.50 0.00 92.50 0.00 12.50 0.00 22.50 0.00 5.41026
4 2.50 0.00 47.50 0.00 37.50 0.00 42.50 0.00 6.25734
4 7.50 0.00 52.50 0.00 32.50 0.00 37.50 0.00 0.99965
4 12.50 0.00 57.50 0.00 27.50 0.00 32.50 0.00 1.26927
4 15.00 0.00 60.00 0.00 25.00 0.00 30.00 0.00 4.55132
4 17.50 0.00 62.50 0.00 22.50 0.00 27.50 0.00 17.5617
4 25.00 0.00 47.50 0.00 27.50 0.00 30.00 0.00 29.6423
4 20.00 0.00 42.50 0.00 32.50 0.00 35.00 0.00 3.28081
4 5.00 0.00 50.00 0.00 35.00 0.00 40.00 0.00 2.01538
4 22.50 0.00 45.00 0.00 32.50 0.00 35.00 0.00 2.47483
4 25.00 0.00 47.50 0.00 30.00 0.00 32.50 0.00 8.6401
4 20.00 0.00 42.50 0.00 35.00 0.00 37.50 0.00 5.54577
4 7.50 0.00 52.50 0.00 37.50 0.00 42.50 0.00 1.7112
4 5.00 0.00 95.00 0.00 15.00 0.00 25.00 0.00 5.31289
4 25.00 0.00 47.50 0.00 32.50 0.00 35.00 0.00 3.15392
4 10.00 0.00 55.00 0.00 35.00 0.00 40.00 0.00 0.840514
4 12.50 0.00 57.50 0.00 32.50 0.00 37.50 0.00 0.711314
4 20.00 0.00 65.00 0.00 25.00 0.00 30.00 0.00 21.5138
4 5.00 0.00 50.00 0.00 40.00 0.00 45.00 0.00 5.49161
4 15.00 0.00 60.00 0.00 30.00 0.00 35.00 0.00 1.10749
4 20.00 0.00 42.50 0.00 37.50 0.00 40.00 0.00 12.7464
4 17.50 0.00 62.50 0.00 27.50 0.00 32.50 0.00 3.0481
4 22.50 0.00 45.00 0.00 35.00 0.00 37.50 0.00 2.85943
4 0.00 0.00 90.00 0.00 20.00 0.00 30.00 0.00 1.01423
4 27.50 0.00 50.00 0.00 30.00 0.00 32.50 0.00 39.6531
4 22.50 0.00 45.00 0.00 37.50 0.00 40.00 0.00 4.51277
4 25.00 0.00 47.50 0.00 35.00 0.00 37.50 0.00 2.1824
4 27.50 0.00 50.00 0.00 32.50 0.00 35.00 0.00 7.6961
4 2.50 0.00 92.50 0.00 22.50 0.00 32.50 0.00 1.08046
4 20.00 0.00 65.00 0.00 30.00 0.00 35.00 0.00 2.67538
4 15.00 0.00 60.00 0.00 35.00 0.00 40.00 0.00 0.615139
4 7.50 0.00 97.50 0.00 17.50 0.00 27.50 0.00 5.68018
4 27.50 0.00 50.00 0.00 35.00 0.00 37.50 0.00 2.82646
4 7.50 0.00 52.50 0.00 42.50 0.00 47.50 0.00 5.04483
4 22.50 0.00 67.50 0.00 27.50 0.00 32.50 0.00 12.1605
4 12.50 0.00 57.50 0.00 37.50 0.00 42.50 0.00 0.691291
4 10.00 0.00 55.00 0.00 40.00 0.00 45.00 0.00 1.42721
4 30.00 0.00 52.50 0.00 32.50 0.00 35.00 0.00 35.0507
4 17.50 0.00 62.50 0.00 32.50 0.00 37.50 0.00 0.920287
4 22.50 0.00 45.00 0.00 40.00 0.00 42.50 0.00 10.5069
4 25.00 0.00 47.50 0.00 37.50 0.00 40.00 0.00 2.55082
4 25.00 0.00 47.50 0.00 40.00 0.00 42.50 0.00 4.34215
4 27.50 0.00 50.00 0.00 37.50 0.00 40.00 0.00 1.98191
4 30.00 0.00 52.50 0.00 35.00 0.00 37.50 0.00 7.07494
4 32.50 0.00 55.00 0.00 35.00 0.00 37.50 0.00 30.2813
4 10.00 0.00 100.00 0.00 20.00 0.00 30.00 0.00 5.06849
4 10.00 0.00 55.00 0.00 45.00 0.00 50.00 0.00 5.00973
4 0.00 0.00 90.00 0.00 30.00 0.00 40.00 0.00 0.502933
4 5.00 0.00 95.00 0.00 25.00 0.00 35.00 0.00 1.0846
4 20.00 0.00 65.00 0.00 35.00 0.00 40.00 0.00 0.800021
4 17.50 0.00 62.50 0.00 37.50 0.00 42.50 0.00 0.581278
4 25.00 0.00 47.50 0.00 42.50 0.00 45.00 0.00 9.61505
4 25.00 0.00 70.00 0.00 30.00 0.00 35.00 0.00 10.6876
4 15.00 0.00 60.00 0.00 40.00 0.00 45.00 0.00 0.623609
4 22.50 0.00 67.50 0.00 32.50 0.00 37.50 0.00 1.82803
4 12.50 0.00 57.50 0.00 42.50 0.00 47.50 0.00 1.13975
4 27.50 0.00 50.00 0.00 40.00 0.00 42.50 0.00 2.40696
4 30.00 0.00 52.50 0.00 37.50 0.00 40.00 0.00 2.65843
4 32.50 0.00 55.00 0.00 37.50 0.00 40.00 0.00 6.63088
4 30.00 0.00 52.50 0.00 40.00 0.00 42.50 0.00 1.90112
4 27.50 0.00 50.00 0.00 42.50 0.00 45.00 0.00 3.74308
4 35.00 0.00 57.50 0.00 37.50 0.00 40.00 0.00 26.6339
4 32.50 0.00 55.00 0.00 40.00 0.00 42.50 0.00 2.76397
4 7.50 0.00 97.50 0.00 27.50 0.00 37.50 0.00 0.927115
4 2.50 0.00 92.50 0.00 32.50 0.00 42.50 0.00 0.477468
4 20.00 0.00 65.00 0.00 40.00 0.00 45.00 0.00 0.544793
4 30.00 0.00 52.50 0.00 42.50 0.00 45.00 0.00 1.99683
4 22.50 0.00 67.50 0.00 37.50 0.00 42.50 0.00 0.701044
4 12.50 0.00 57.50 0.00 47.50 0.00 52.50 0.00 4.11662
4 15.00 0.00 60.00 0.00 45.00 0.00 50.00 0.00 1.17396
4 17.50 0.00 62.50 0.00 42.50 0.00 47.50 0.00 0.622277
4 27.50 0.00 72.50 0.00 32.50 0.00 37.50 0.00 9.41677
4 25.00 0.00 70.00 0.00 35.00 0.00 40.00 0.00 1.49983
4 27.50 0.00 50.00 0.00 45.00 0.00 47.50 0.00 10.202
4 35.00 0.00 57.50 0.00 40.00 0.00 42.50 0.00 6.99584
4 32.50 0.00 55.00 0.00 42.50 0.00 45.00 0.00 1.66899
4 30.00 0.00 52.50 0.00 45.00 0.00 47.50 0.00 3.73779
4 35.00 0.00 57.50 0.00 42.50 0.00 45.00 0.00 2.48211
4 32.50 0.00 55.00 0.00 45.00 0.00 47.50 0.00 2.0461
4 0.00 0.00 135.00 0.00 15.00 0.00 30.00 0.00 2.35079
4 5.00 0.00 95.00 0.00 35.00 0.00 45.00 0.00 0.435058
4 0.00 0.00 90.00 0.00 40.00 0.00 50.00 0.00 0.362786
4 25.00 0.00 70.00 0.00 40.00 0.00 45.00 0.00 0.64693
4 15.00 0.00 105.00 0.00 25.00 0.00 35.00 0.00 5.41563
4 20.00 0.00 65.00 0.00 45.00 0.00 50.00 0.00 0.676469
4 10.00 0.00 100.00 0.00 30.00 0.00 40.00 0.00 0.825076
4 37.50 0.00 60.00 0.00 40.00 0.00 42.50 0.00 21.5132
4 15.00 0.00 60.00 0.00 50.00 0.00 55.00 0.00 3.41554
4 17.50 0.00 62.50 0.00 47.50 0.00 52.50 0.00 1.36195
4 22.50 0.00 67.50 0.00 42.50 0.00 47.50 0.00 0.514211
4 30.00 0.00 75.00 0.00 35.00 0.00 40.00 0.00 8.81679
4 27.50 0.00 72.50 0.00 37.50 0.00 42.50 0.00 1.48646
4 30.00 0.00 52.50 0.00 47.50 0.00 50.00 0.00 10.4408
4 37.50 0.00 60.00 0.00 42.50 0.00 45.00 0.00 5.18249
4 35.00 0.00 57.50 0.00 45.00 0.00 47.50 0.00 1.72704
4 32.50 0.00 55.00 0.00 47.50 0.00 50.00 0.00 3.80381
4 37.50 0.00 60.00 0.00 45.00 0.00 47.50 0.00 2.51696
4 35.00 0.00 57.50 0.00 47.50 0.00 50.00 0.00 1.94566
4 32.50 0.00 55.00 0.00 50.00 0.00 52.50 0.00 10.125
4 32.50 0.00 77.50 0.00 37.50 0.00 42.50 0.00 8.62917
4 27.50 0.00 72.50 0.00 42.50 0.00 47.50 0.00 0.648297
4 7.50 0.00 97.50 0.00 37.50 0.00 47.50 0.00 0.418549
4 22.50 0.00 67.50 0.00 47.50 0.00 52.50 0.00 0.746477
4 30.00 0.00 75.00 0.00 40.00 0.00 45.00 0.00 1.53165
4 20.00 0.00 65.00 0.00 50.00 0.00 55.00 0.00 1.25847
4 2.50 0.00 92.50 0.00 42.50 0.00 52.50 0.00 0.380631
4 17.50 0.00 62.50 0.00 52.50 0.00 57.50 0.00 3.28251
4 40.00 0.00 62.50 0.00 42.50 0.00 45.00 0.00 13.4342
4 25.00 0.00 70.00 0.00 45.00 0.00 50.00 0.00 0.542035
4 35.00 0.00 57.50 0.00 50.00 0.00 52.50 0.00 3.23397
4 0.00 0.00 150.00 0.00 15.00 0.00 30.00 0.00 2.34007
4 40.00 0.00 62.50 0.00 45.00 0.00 47.50 0.00 4.52808
4 37.50 0.00 60.00 0.00 47.50 0.00 50.00 0.00 1.89964
4 37.50 0.00 60.00 0.00 50.00 0.00 52.50 0.00 2.05507
4 35.00 0.00 57.50 0.00 52.50 0.00 55.00 0.00 6.32951
4 0.00 0.00 90.00 0.00 50.00 0.00 60.00 0.00 0.358118
4 20.00 0.00 110.00 0.00 30.00 0.00 40.00 0.00 3.24004
4 20.00 0.00 65.00 0.00 55.00 0.00 60.00 0.00 2.23926
4 5.00 0.00 95.00 0.00 45.00 0.00 55.00 0.00 0.397453
4 27.50 0.00 72.50 0.00 47.50 0.00 52.50 0.00 0.594108
4 35.00 0.00 80.00 0.00 40.00 0.00 45.00 0.00 8.93693
4 10.00 0.00 100.00 0.00 40.00 0.00 50.00 0.00 0.420183
4 15.00 0.00 105.00 0.00 35.00 0.00 45.00 0.00 0.669117
4 5.00 0.00 140.00 0.00 20.00 0.00 35.00 0.00 2.25128
4 22.50 0.00 67.50 0.00 52.50 0.00 57.50 0.00 1.15085
4 30.00 0.00 75.00 0.00 45.00 0.00 50.00 0.00 0.745356
4 32.50 0.00 77.50 0.00 42.50 0.00 47.50 0.00 1.58217
4 40.00 0.00 62.50 0.00 47.50 0.00 50.00 0.00 2.65656
4 42.50 0.00 65.00 0.00 45.00 0.00 47.50 0.00 10.704
4 25.00 0.00 70.00 0.00 50.00 0.00 55.00 0.00 0.671657
4 37.50 0.00 60.00 0.00 52.50 0.00 55.00 0.00 2.50145
4 40.00 0.00 62.50 0.00 50.00 0.00 52.50 0.00 2.08245
4 42.50 0.00 65.00 0.00 47.50 0.00 50.00 0.00 4.63667
4 37.50 0.00 60.00 0.00 55.00 0.00 57.50 0.00 5.36565
4 7.50 0.00 97.50 0.00 47.50 0.00 57.50 0.00 0.409526
4 2.50 0.00 92.50 0.00 52.50 0.00 62.50 0.00 0.310677
4 0.00 0.00 135.00 0.00 30.00 0.00 45.00 0.00 0.577534
4 32.50 0.00 77.50 0.00 47.50 0.00 52.50 0.00 0.888558
4 27.50 0.00 72.50 0.00 52.50 0.00 57.50 0.00 0.566989
4 22.50 0.00 67.50 0.00 57.50 0.00 62.50 0.00 1.97608
4 30.00 0.00 75.00 0.00 50.00 0.00 55.00 0.00 0.598477
4 35.00 0.00 80.00 0.00 45.00 0.00 50.00 0.00 1.92414
4 37.50 0.00 82.50 0.00 42.50 0.00 47.50 0.00 7.19934
4 40.00 0.00 62.50 0.00 52.50 0.00 55.00 0.00 1.82562
4 42.50 0.00 65.00 0.00 50.00 0.00 52.50 0.00 2.74915
4 45.00 0.00 67.50 0.00 47.50 0.00 50.00 0.00 10.5255
4 25.00 0.00 70.00 0.00 55.00 0.00 60.00 0.00 0.765384
4 0.00 0.00 165.00 0.00 15.00 0.00 30.00 0.00 2.33279
4 40.00 0.00 62.50 0.00 55.00 0.00 57.50 0.00 2.52826
4 42.50 0.00 65.00 0.00 52.50 0.00 55.00 0.00 1.7728
4 45.00 0.00 67.50 0.00 50.00 0.00 52.50 0.00 4.53134
4 5.00 0.00 155.00 0.00 20.00 0.00 35.00 0.00 2.26432
4 5.00 0.00 95.00 0.00 55.00 0.00 65.00 0.00 0.281591
4 10.00 0.00 145.00 0.00 25.00 0.00 40.00 0.00 2.23845
4 35.00 0.00 80.00 0.00 50.00 0.00 55.00 0.00 0.985014
4 42.50 0.00 65.00 0.00 55.00 0.00 57.50 0.00 1.7113
4 37.50 0.00 82.50 0.00 47.50 0.00 52.50 0.00 2.20208
4 15.00 0.00 105.00 0.00 45.00 0.00 55.00 0.00 0.460947
4 20.00 0.00 110.00 0.00 40.00 0.00 50.00 0.00 0.63705
4 32.50 0.00 77.50 0.00 52.50 0.00 57.50 0.00 0.586089
4 40.00 0.00 85.00 0.00 45.00 0.00 50.00 0.00 6.60625
4 10.00 0.00 100.00 0.00 50.00 0.00 60.00 0.00 0.368674
4 25.00 0.00 115.00 0.00 35.00 0.00 45.00 0.00 1.96609
4 27.50 0.00 72.50 0.00 57.50 0.00 62.50 0.00 0.511508
4 45.00 0.00 67.50 0.00 52.50 0.00 55.00 0.00 2.32128
4 0.00 0.00 90.00 0.00 60.00 0.00 70.00 0.00 0.420913
4 40.00 0.00 62.50 0.00 57.50 0.00 60.00 0.00 3.86961
4 25.00 0.00 70.00 0.00 60.00 0.00 65.00 0.00 2.03327
4 47.50 0.00 70.00 0.00 50.00 0.00 52.50 0.00 10.9929
4 30.00 0.00 75.00 0.00 55.00 0.00 60.00 0.00 0.429333
4 45.00 0.00 67.50 0.00 55.00 0.00 57.50 0.00 1.70928
4 0.00 0.00 150.00 0.00 30.00 0.00 45.00 0.00 0.5618
4 47.50 0.00 70.00 0.00 52.50 0.00 55.00 0.00 4.08191
4 42.50 0.00 65.00 0.00 57.50 0.00 60.00 0.00 1.42644
4 0.00 0.00 180.00 0.00 15.00 0.00 30.00 0.00 2.32039
4 7.50 0.00 97.50 0.00 57.50 0.00 67.50 0.00 0.265524
4 30.00 0.00 75.00 0.00 60.00 0.00 65.00 0.00 0.522664
4 47.50 0.00 70.00 0.00 55.00 0.00 57.50 0.00 2.30083
4 35.00 0.00 80.00 0.00 55.00 0.00 60.00 0.00 0.501687
4 32.50 0.00 77.50 0.00 57.50 0.00 62.50 0.00 0.331323
4 2.50 0.00 92.50 0.00 62.50 0.00 72.50 0.00 0.470651
4 40.00 0.00 85.00 0.00 50.00 0.00 55.00 0.00 2.18579
4 27.50 0.00 72.50 0.00 62.50 0.00 67.50 0.00 1.83984
4 42.50 0.00 87.50 0.00 47.50 0.00 52.50 0.00 6.76356
4 42.50 0.00 65.00 0.00 60.00 0.00 62.50 0.00 3.90146
4 5.00 0.00 140.00 0.00 35.00 0.00 50.00 0.00 0.522943
4 37.50 0.00 82.50 0.00 52.50 0.00 57.50 0.00 0.965164
4 45.00 0.00 67.50 0.00 57.50 0.00 60.00 0.00 1.01822
4 50.00 0.00 72.50 0.00 52.50 0.00 55.00 0.00 10.7751
4 5.00 0.00 170.00 0.00 20.00 0.00 35.00 0.00 2.23023
4 47.50 0.00 70.00 0.00 57.50 0.00 60.00 0.00 0.98468
4 50.00 0.00 72.50 0.00 55.00 0.00 57.50 0.00 4.32063
4 45.00 0.00 67.50 0.00 60.00 0.00 62.50 0.00 1.517
4 10.00 0.00 160.00 0.00 25.00 0.00 40.00 0.00 2.22353
4 20.00 0.00 110.00 0.00 50.00 0.00 60.00 0.00 0.426511
4 32.50 0.00 77.50 0.00 62.50 0.00 67.50 0.00 0.643822
4 0.00 0.00 90.00 0.00 70.00 0.00 80.00 0.00 0.736559
4 15.00 0.00 105.00 0.00 55.00 0.00 65.00 0.00 0.272103
4 15.00 0.00 150.00 0.00 30.00 0.00 45.00 0.00 1.5583
4 5.00 0.00 95.00 0.00 65.00 0.00 75.00 0.00 0.463808
4 25.00 0.00 115.00 0.00 45.00 0.00 55.00 0.00 0.67219
4 30.00 0.00 120.00 0.00 40.00 0.00 50.00 0.00 2.12665
4 52.50 0.00 75.00 0.00 55.00 0.00 57.50 0.00 11.3422
4 40.00 0.00 85.00 0.00 55.00 0.00 60.00 0.00 0.801529
4 42.50 0.00 87.50 0.00 52.50 0.00 57.50 0.00 2.0075
4 45.00 0.00 90.00 0.00 50.00 0.00 55.00 0.00 6.263
4 10.00 0.00 100.00 0.00 60.00 0.00 70.00 0.00 0.30854
4 50.00 0.00 72.50 0.00 57.50 0.00 60.00 0.00 1.43094
4 0.00 0.00 135.00 0.00 45.00 0.00 60.00 0.00 0.385955
4 30.00 0.00 75.00 0.00 65.00 0.00 70.00 0.00 1.69428
4 35.00 0.00 80.00 0.00 60.00 0.00 65.00 0.00 0.384439
4 37.50 0.00 82.50 0.00 57.50 0.00 62.50 0.00 0.364707
4 47.50 0.00 70.00 0.00 60.00 0.00 62.50 0.00 0.885742
4 45.00 0.00 67.50 0.00 62.50 0.00 65.00 0.00 4.71604
4 0.00 0.00 195.00 0.00 15.00 0.00 30.00 0.00 2.3138
4 0.00 0.00 165.00 0.00 30.00 0.00 45.00 0.00 0.546686
4 52.50 0.00 75.00 0.00 57.50 0.00 60.00 0.00 2.86285
4 47.50 0.00 70.00 0.00 62.50 0.00 65.00 0.00 1.66581
4 50.00 0.00 72.50 0.00 60.00 0.00 62.50 0.00 0.802351
4 5.00 0.00 185.00 0.00 20.00 0.00 35.00 0.00 2.22099
4 5.00 0.00 155.00 0.00 35.00 0.00 50.00 0.00 0.481538
4 2.50 0.00 92.50 0.00 72.50 0.00 82.50 0.00 0.698378
4 10.00 0.00 145.00 0.00 40.00 0.00 55.00 0.00 0.529759
4 7.50 0.00 97.50 0.00 67.50 0.00 77.50 0.00 0.429535
4 50.00 0.00 72.50 0.00 62.50 0.00 65.00 0.00 0.955708
4 47.50 0.00 92.50 0.00 52.50 0.00 57.50 0.00 5.92862
4 40.00 0.00 85.00 0.00 60.00 0.00 65.00 0.00 0.38516
4 37.50 0.00 82.50 0.00 62.50 0.00 67.50 0.00 0.459004
4 42.50 0.00 87.50 0.00 57.50 0.00 62.50 0.00 0.53589
4 45.00 0.00 90.00 0.00 55.00 0.00 60.00 0.00 1.63344
4 52.50 0.00 75.00 0.00 60.00 0.00 62.50 0.00 1.18151
4 47.50 0.00 70.00 0.00 65.00 0.00 67.50 0.00 4.76134
4 32.50 0.00 77.50 0.00 67.50 0.00 72.50 0.00 1.75782
4 35.00 0.00 80.00 0.00 65.00 0.00 70.00 0.00 0.811323
4 55.00 0.00 77.50 0.00 57.50 0.00 60.00 0.00 6.83355
4 10.00 0.00 175.00 0.00 25.00 0.00 40.00 0.00 2.211
4 50.00 0.00 72.50 0.00 65.00 0.00 67.50 0.00 1.47463
4 0.00 0.00 150.00 0.00 45.00 0.00 60.00 0.00 0.363186
4 52.50 0.00 75.00 0.00 62.50 0.00 65.00 0.00 0.984528
4 55.00 0.00 77.50 0.00 60.00 0.00 62.50 0.00 2.06897
4 15.00 0.00 165.00 0.00 30.00 0.00 45.00 0.00 1.54667
4 0.00 0.00 180.00 0.00 30.00 0.00 45.00 0.00 0.535028
4 5.00 0.00 95.00 0.00 75.00 0.00 85.00 0.00 0.710102
4 50.00 0.00 72.50 0.00 67.50 0.00 70.00 0.00 4.39451
4 5.00 0.00 140.00 0.00 50.00 0.00 65.00 0.00 0.33526
4 25.00 0.00 115.00 0.00 55.00 0.00 65.00 0.00 0.313954
4 35.00 0.00 80.00 0.00 70.00 0.00 75.00 0.00 1.50461
4 55.00 0.00 77.50 0.00 62.50 0.00 65.00 0.00 1.39337
4 50.00 0.00 95.00 0.00 55.00 0.00 60.00 0.00 5.49074
4 45.00 0.00 90.00 0.00 60.00 0.00 65.00 0.00 0.517293
4 15.00 0.00 105.00 0.00 65.00 0.00 75.00 0.00 0.32743
4 30.00 0.00 120.00 0.00 50.00 0.00 60.00 0.00 0.693718
4 40.00 0.00 85.00 0.00 65.00 0.00 70.00 0.00 0.551239
4 42.50 0.00 87.50 0.00 62.50 0.00 67.50 0.00 0.441373
4 10.00 0.00 100.00 0.00 70.00 0.00 80.00 0.00 0.369968
4 47.50 0.00 92.50 0.00 57.50 0.00 62.50 0.00 1.08065
4 20.00 0.00 110.00 0.00 60.00 0.00 70.00 0.00 0.279852
4 37.50 0.00 82.50 0.00 67.50 0.00 72.50 0.00 0.857989
4 35.00 0.00 125.00 0.00 45.00 0.00 55.00 0.00 2.7313
4 57.50 0.00 80.00 0.00 60.00 0.00 62.50 0.00 5.03442
4 52.50 0.00 75.00 0.00 65.00 0.00 67.50 0.00 0.912847
4 5.00 0.00 200.00 0.00 20.00 0.00 35.00 0.00 2.21209
4 5.00 0.00 170.00 0.00 35.00 0.00 50.00 0.00 0.492073
4 20.00 0.00 155.00 0.00 35.00 0.00 50.00 0.00 1.22883
4 55.00 0.00 77.50 0.00 65.00 0.00 67.50 0.00 0.962749
4 52.50 0.00 75.00 0.00 67.50 0.00 70.00 0.00 1.44969
4 57.50 0.00 80.00 0.00 62.50 0.00 65.00 0.00 2.40373
4 10.00 0.00 160.00 0.00 40.00 0.00 55.00 0.00 0.514912
4 10.00 0.00 190.00 0.00 25.00 0.00 40.00 0.00 2.20029
4 57.50 0.00 80.00 0.00 65.00 0.00 67.50 0.00 1.26623
4 55.00 0.00 77.50 0.00 67.50 0.00 70.00 0.00 1.16911
4 52.50 0.00 75.00 0.00 70.00 0.00 72.50 0.00 2.5177
4 15.00 0.00 150.00 0.00 45.00 0.00 60.00 0.00 0.51819
4 0.00 0.00 135.00 0.00 60.00 0.00 75.00 0.00 0.259085
4 7.50 0.00 97.50 0.00 77.50 0.00 87.50 0.00 0.806075
4 42.50 0.00 87.50 0.00 67.50 0.00 72.50 0.00 0.581991
4 40.00 0.00 85.00 0.00 70.00 0.00 75.00 0.00 0.706246
4 45.00 0.00 90.00 0.00 65.00 0.00 70.00 0.00 0.509374
4 47.50 0.00 92.50 0.00 62.50 0.00 67.50 0.00 0.588049
4 50.00 0.00 95.00 0.00 60.00 0.00 65.00 0.00 1.04894
4 52.50 0.00 97.50 0.00 57.50 0.00 62.50 0.00 3.85975
4 37.50 0.00 82.50 0.00 72.50 0.00 77.50 0.00 1.13099
4 60.00 0.00 82.50 0.00 62.50 0.00 65.00 0.00 4.90237
4 0.00 0.00 195.00 0.00 30.00 0.00 45.00 0.00 0.525486
4 0.00 0.00 165.00 0.00 45.00 0.00 60.00 0.00 0.346284
4 15.00 0.00 180.00 0.00 30.00 0.00 45.00 0.00 1.53488
4 57.50 0.00 80.00 0.00 67.50 0.00 70.00 0.00 1.21478
4 55.00 0.00 77.50 0.00 70.00 0.00 72.50 0.00 1.3084
4 60.00 0.00 82.50 0.00 65.00 0.00 67.50 0.00 1.7452
4 5.00 0.00 185.00 0.00 35.00 0.00 50.00 0.00 0.479453
4 20.00 0.00 170.00 0.00 35.00 0.00 50.00 0.00 1.22511
4 5.00 0.00 155.00 0.00 50.00 0.00 65.00 0.00 0.319909
4 57.50 0.00 80.00 0.00 70.00 0.00 72.50 0.00 1.06141
4 55.00 0.00 77.50 0.00 72.50 0.00 75.00 0.00 1.95858
4 25.00 0.00 115.00 0.00 65.00 0.00 75.00 0.00 0.305972
4 40.00 0.00 130.00 0.00 50.00 0.00 60.00 0.00 2.82885
4 10.00 0.00 145.00 0.00 55.00 0.00 70.00 0.00 0.2915
4 55.00 0.00 100.00 0.00 60.00 0.00 65.00 0.00 3.22959
4 60.00 0.00 82.50 0.00 67.50 0.00 70.00 0.00 1.3811
4 42.50 0.00 87.50 0.00 72.50 0.00 77.50 0.00 0.511333
4 30.00 0.00 120.00 0.00 60.00 0.00 70.00 0.00 0.326535
4 10.00 0.00 100.00 0.00 80.00 0.00 90.00 0.00 0.825025
4 15.00 0.00 105.00 0.00 75.00 0.00 85.00 0.00 0.30408
4 40.00 0.00 85.00 0.00 75.00 0.00 80.00 0.00 1.00262
4 47.50 0.00 92.50 0.00 67.50 0.00 72.50 0.00 0.561717
4 50.00 0.00 95.00 0.00 65.00 0.00 70.00 0.00 0.678185
4 52.50 0.00 97.50 0.00 62.50 0.00 67.50 0.00 1.23205
4 35.00 0.00 125.00 0.00 55.00 0.00 65.00 0.00 0.574368
4 20.00 0.00 110.00 0.00 70.00 0.00 80.00 0.00 0.250076
4 45.00 0.00 90.00 0.00 70.00 0.00 75.00 0.00 0.481488
4 62.50 0.00 85.00 0.00 65.00 0.00 67.50 0.00 4.14909
4 10.00 0.00 175.00 0.00 40.00 0.00 55.00 0.00 0.499226
4 25.00 0.00 160.00 0.00 40.00 0.00 55.00 0.00 1.14899
4 60.00 0.00 82.50 0.00 70.00 0.00 72.50 0.00 1.00321
4 57.50 0.00 80.00 0.00 72.50 0.00 75.00 0.00 1.02394
4 0.00 0.00 150.00 0.00 60.00 0.00 75.00 0.00 0.233925
4 62.50 0.00 85.00 0.00 67.50 0.00 70.00 0.00 2.03898
4 15.00 0.00 165.00 0.00 45.00 0.00 60.00 0.00 0.500582
4 0.00 0.00 180.00 0.00 45.00 0.00 60.00 0.00 0.332756
4 15.00 0.00 195.00 0.00 30.00 0.00 45.00 0.00 1.52626
4 60.00 0.00 82.50 0.00 72.50 0.00 75.00 0.00 0.741485
4 65.00 0.00 87.50 0.00 67.50 0.00 70.00 0.00 5.11535
4 50.00 0.00 95.00 0.00 70.00 0.00 75.00 0.00 0.473879
4 5.00 0.00 140.00 0.00 65.00 0.00 80.00 0.00 0.242644
4 42.50 0.00 87.50 0.00 77.50 0.00 82.50 0.00 0.941638
4 55.00 0.00 100.00 0.00 65.00 0.00 70.00 0.00 1.28423
4 45.00 0.00 90.00 0.00 75.00 0.00 80.00 0.00 0.445842
4 47.50 0.00 92.50 0.00 72.50 0.00 77.50 0.00 0.363397
4 52.50 0.00 97.50 0.00 67.50 0.00 72.50 0.00 0.777672
4 62.50 0.00 85.00 0.00 70.00 0.00 72.50 0.00 1.18641
4 57.50 0.00 80.00 0.00 75.00 0.00 77.50 0.00 1.52635
4 20.00 0.00 185.00 0.00 35.00 0.00 50.00 0.00 1.21402
4 5.00 0.00 200.00 0.00 35.00 0.00 50.00 0.00 0.47042
4 5.00 0.00 170.00 0.00 50.00 0.00 65.00 0.00 0.306222
4 20.00 0.00 155.00 0.00 50.00 0.00 65.00 0.00 0.469137
4 57.50 0.00 102.50 0.00 62.50 0.00 67.50 0.00 3.37686
4 62.50 0.00 85.00 0.00 72.50 0.00 75.00 0.00 0.68601
4 65.00 0.00 87.50 0.00 70.00 0.00 72.50 0.00 1.96612
4 60.00 0.00 82.50 0.00 75.00 0.00 77.50 0.00 0.712792
4 25.00 0.00 175.00 0.00 40.00 0.00 55.00 0.00 1.13614
4 10.00 0.00 190.00 0.00 40.00 0.00 55.00 0.00 0.488164
4 10.00 0.00 160.00 0.00 55.00 0.00 70.00 0.00 0.27592
4 47.50 0.00 92.50 0.00 77.50 0.00 82.50 0.00 0.486884
4 60.00 0.00 105.00 0.00 65.00 0.00 70.00 0.00 2.75456
4 25.00 0.00 115.00 0.00 75.00 0.00 85.00 0.00 0.215997
4 15.00 0.00 150.00 0.00 60.00 0.00 75.00 0.00 0.282601
4 67.50 0.00 90.00 0.00 70.00 0.00 72.50 0.00 5.29165
4 45.00 0.00 135.00 0.00 55.00 0.00 65.00 0.00 2.01806
4 20.00 0.00 110.00 0.00 80.00 0.00 90.00 0.00 0.330503
4 40.00 0.00 130.00 0.00 60.00 0.00 70.00 0.00 0.525837
4 30.00 0.00 120.00 0.00 70.00 0.00 80.00 0.00 0.240704
4 35.00 0.00 125.00 0.00 65.00 0.00 75.00 0.00 0.367456
4 55.00 0.00 100.00 0.00 70.00 0.00 75.00 0.00 0.639386
4 45.00 0.00 90.00 0.00 80.00 0.00 85.00 0.00 0.971275
4 52.50 0.00 97.50 0.00 72.50 0.00 77.50 0.00 0.350237
4 50.00 0.00 95.00 0.00 75.00 0.00 80.00 0.00 0.318369
4 60.00 0.00 82.50 0.00 77.50 0.00 80.00 0.00 1.46251
4 15.00 0.00 105.00 0.00 85.00 0.00 95.00 0.00 0.666519
4 65.00 0.00 87.50 0.00 72.50 0.00 75.00 0.00 0.857104
4 62.50 0.00 85.00 0.00 75.00 0.00 77.50 0.00 0.500467
4 0.00 0.00 135.00 0.00 75.00 0.00 90.00 0.00 0.203224
4 15.00 0.00 180.00 0.00 45.00 0.00 60.00 0.00 0.487641
4 30.00 0.00 165.00 0.00 45.00 0.00 60.00 0.00 1.28271
4 0.00 0.00 165.00 0.00 60.00 0.00 75.00 0.00 0.217389
4 0.00 0.00 195.00 0.00 45.00 0.00 60.00 0.00 0.323742
4 57.50 0.00 102.50 0.00 67.50 0.00 72.50 0.00 1.37845
4 62.50 0.00 85.00 0.00 77.50 0.00 80.00 0.00 0.71713
4 65.00 0.00 87.50 0.00 75.00 0.00 77.50 0.00 0.449501
4 67.50 0.00 90.00 0.00 72.50 0.00 75.00 0.00 1.51515
4 20.00 0.00 170.00 0.00 50.00 0.00 65.00 0.00 0.444392
4 20.00 0.00 200.00 0.00 35.00 0.00 50.00 0.00 1.20546
4 5.00 0.00 155.00 0.00 65.00 0.00 80.00 0.00 0.221054
4 5.00 0.00 185.00 0.00 50.00 0.00 65.00 0.00 0.292969
4 60.00 0.00 105.00 0.00 70.00 0.00 75.00 0.00 0.995463
4 10.00 0.00 145.00 0.00 70.00 0.00 85.00 0.00 0.207022
4 52.50 0.00 97.50 0.00 77.50 0.00 82.50 0.00 0.353005
4 47.50 0.00 92.50 0.00 82.50 0.00 87.50 0.00 1.12355
4 55.00 0.00 100.00 0.00 75.00 0.00 80.00 0.00 0.292885
4 50.00 0.00 95.00 0.00 80.00 0.00 85.00 0.00 0.532403
4 67.50 0.00 90.00 0.00 75.00 0.00 77.50 0.00 0.555881
4 62.50 0.00 85.00 0.00 80.00 0.00 82.50 0.00 1.44984
4 65.00 0.00 87.50 0.00 77.50 0.00 80.00 0.00 0.498911
4 70.00 0.00 92.50 0.00 72.50 0.00 75.00 0.00 4.54717
4 62.50 0.00 107.50 0.00 67.50 0.00 72.50 0.00 2.84003
4 10.00 0.00 175.00 0.00 55.00 0.00 70.00 0.00 0.261841
4 25.00 0.00 190.00 0.00 40.00 0.00 55.00 0.00 1.12425
4 25.00 0.00 160.00 0.00 55.00 0.00 70.00 0.00 0.390595
4 57.50 0.00 102.50 0.00 72.50 0.00 77.50 0.00 0.42824
4 65.00 0.00 87.50 0.00 80.00 0.00 82.50 0.00 0.676702
4 70.00 0.00 92.50 0.00 75.00 0.00 77.50 0.00 0.961629
4 67.50 0.00 90.00 0.00 77.50 0.00 80.00 0.00 0.482163
4 0.00 0.00 150.00 0.00 75.00 0.00 90.00 0.00 0.171168
4 0.00 0.00 180.00 0.00 60.00 0.00 75.00 0.00 0.205018
4 15.00 0.00 165.00 0.00 60.00 0.00 75.00 0.00 0.262547
4 15.00 0.00 195.00 0.00 45.00 0.00 60.00 0.00 0.478271
4 30.00 0.00 180.00 0.00 45.00 0.00 60.00 0.00 1.26948
4 70.00 0.00 92.50 0.00 77.50 0.00 80.00 0.00 0.647493
4 25.00 0.00 115.00 0.00 85.00 0.00 95.00 0.00 0.314064
4 52.50 0.00 97.50 0.00 82.50 0.00 87.50 0.00 0.610996
4 40.00 0.00 130.00 0.00 70.00 0.00 80.00 0.00 0.285304
4 20.00 0.00 110.00 0.00 90.00 0.00 100.00 0.00 0.582148
4 35.00 0.00 125.00 0.00 75.00 0.00 85.00 0.00 0.201587
4 45.00 0.00 135.00 0.00 65.00 0.00 75.00 0.00 0.565651
4 30.00 0.00 120.00 0.00 80.00 0.00 90.00 0.00 0.245165
4 55.00 0.00 100.00 0.00 80.00 0.00 85.00 0.00 0.387707
4 60.00 0.00 105.00 0.00 75.00 0.00 80.00 0.00 0.312119
4 50.00 0.00 140.00 0.00 60.00 0.00 70.00 0.00 1.55598
4 50.00 0.00 95.00 0.00 85.00 0.00 90.00 0.00 1.12103
4 65.00 0.00 110.00 0.00 70.00 0.00 75.00 0.00 2.51185
4 72.50 0.00 95.00 0.00 75.00 0.00 77.50 0.00 2.23401
4 5.00 0.00 140.00 0.00 80.00 0.00 95.00 0.00 0.202698
4 65.00 0.00 87.50 0.00 82.50 0.00 85.00 0.00 1.38979
4 67.50 0.00 90.00 0.00 80.00 0.00 82.50 0.00 0.523489
4 62.50 0.00 107.50 0.00 72.50 0.00 77.50 0.00 0.623669
4 20.00 0.00 155.00 0.00 65.00 0.00 80.00 0.00 0.268248
4 5.00 0.00 200.00 0.00 50.00 0.00 65.00 0.00 0.283224
4 20.00 0.00 185.00 0.00 50.00 0.00 65.00 0.00 0.432747
4 5.00 0.00 170.00 0.00 65.00 0.00 80.00 0.00 0.204789
4 35.00 0.00 170.00 0.00 50.00 0.00 65.00 0.00 1.39573
4 57.50 0.00 102.50 0.00 77.50 0.00 82.50 0.00 0.301102
4 70.00 0.00 92.50 0.00 80.00 0.00 82.50 0.00 0.565094
4 67.50 0.00 90.00 0.00 82.50 0.00 85.00 0.00 0.723719
4 72.50 0.00 95.00 0.00 77.50 0.00 80.00 0.00 0.993458
4 25.00 0.00 175.00 0.00 55.00 0.00 70.00 0.00 0.377359
4 10.00 0.00 160.00 0.00 70.00 0.00 85.00 0.00 0.188943
4 10.00 0.00 190.00 0.00 55.00 0.00 70.00 0.00 0.251922
4 75.00 0.00 97.50 0.00 77.50 0.00 80.00 0.00 1.96444
4 15.00 0.00 150.00 0.00 75.00 0.00 90.00 0.00 0.190172
4 0.00 0.00 135.00 0.00 90.00 0.00 105.00 0.00 0.267783
4 52.50 0.00 97.50 0.00 87.50 0.00 92.50 0.00 1.1244
4 60.00 0.00 105.00 0.00 80.00 0.00 85.00 0.00 0.315258
4 55.00 0.00 100.00 0.00 85.00 0.00 90.00 0.00 0.604325
4 65.00 0.00 110.00 0.00 75.00 0.00 80.00 0.00 0.474599
4 67.50 0.00 90.00 0.00 85.00 0.00 87.50 0.00 1.36725
4 70.00 0.00 92.50 0.00 82.50 0.00 85.00 0.00 0.617397
4 72.50 0.00 95.00 0.00 80.00 0.00 82.50 0.00 0.706797
4 57.50 0.00 102.50 0.00 82.50 0.00 87.50 0.00 0.395953
4 67.50 0.00 112.50 0.00 72.50 0.00 77.50 0.00 1.83363
4 30.00 0.00 195.00 0.00 45.00 0.00 60.00 0.00 1.26022
4 0.00 0.00 165.00 0.00 75.00 0.00 90.00 0.00 0.15124
4 0.00 0.00 195.00 0.00 60.00 0.00 75.00 0.00 0.195322
4 15.00 0.00 180.00 0.00 60.00 0.00 75.00 0.00 0.248515
4 30.00 0.00 165.00 0.00 60.00 0.00 75.00 0.00 0.386409
4 62.50 0.00 107.50 0.00 77.50 0.00 82.50 0.00 0.320779
4 52.50 0.00 142.50 0.00 62.50 0.00 72.50 0.00 1.81093
4 75.00 0.00 97.50 0.00 80.00 0.00 82.50 0.00 1.00995
4 70.00 0.00 92.50 0.00 85.00 0.00 87.50 0.00 0.838341
4 72.50 0.00 95.00 0.00 82.50 0.00 85.00 0.00 0.622398
4 20.00 0.00 200.00 0.00 50.00 0.00 65.00 0.00 0.424728
4 5.00 0.00 155.00 0.00 80.00 0.00 95.00 0.00 0.177384
4 20.00 0.00 170.00 0.00 65.00 0.00 80.00 0.00 0.25163
4 5.00 0.00 185.00 0.00 65.00 0.00 80.00 0.00 0.191008
4 35.00 0.00 185.00 0.00 50.00 0.00 65.00 0.00 1.3841
4 75.00 0.00 97.50 0.00 82.50 0.00 85.00 0.00 0.726347
4 30.00 0.00 120.00 0.00 90.00 0.00 100.00 0.00 0.29111
4 50.00 0.00 140.00 0.00 70.00 0.00 80.00 0.00 0.442257
4 25.00 0.00 115.00 0.00 95.00 0.00 105.00 0.00 0.73896
4 55.00 0.00 145.00 0.00 65.00 0.00 75.00 0.00 1.72811
4 77.50 0.00 100.00 0.00 80.00 0.00 82.50 0.00 1.81526
4 45.00 0.00 135.00 0.00 75.00 0.00 85.00 0.00 0.2302
4 70.00 0.00 92.50 0.00 87.50 0.00 90.00 0.00 1.40567
4 10.00 0.00 145.00 0.00 85.00 0.00 100.00 0.00 0.201104
4 35.00 0.00 125.00 0.00 85.00 0.00 95.00 0.00 0.22893
4 40.00 0.00 130.00 0.00 80.00 0.00 90.00 0.00 0.229153
4 60.00 0.00 105.00 0.00 85.00 0.00 90.00 0.00 0.365051
4 65.00 0.00 110.00 0.00 80.00 0.00 85.00 0.00 0.355222
4 70.00 0.00 115.00 0.00 75.00 0.00 80.00 0.00 1.38245
4 55.00 0.00 100.00 0.00 90.00 0.00 95.00 0.00 1.24425
4 72.50 0.00 95.00 0.00 85.00 0.00 87.50 0.00 0.668883
4 67.50 0.00 112.50 0.00 77.50 0.00 82.50 0.00 0.534438
4 57.50 0.00 102.50 0.00 87.50 0.00 92.50 0.00 0.48656
4 10.00 0.00 175.00 0.00 70.00 0.00 85.00 0.00 0.174796
4 25.00 0.00 160.00 0.00 70.00 0.00 85.00 0.00 0.230487
4 25.00 0.00 190.00 0.00 55.00 0.00 70.00 0.00 0.367179
4 62.50 0.00 107.50 0.00 82.50 0.00 87.50 0.00 0.33205
4 40.00 0.00 175.00 0.00 55.00 0.00 70.00 0.00 1.19313
4 75.00 0.00 97.50 0.00 85.00 0.00 87.50 0.00 0.653918
4 0.00 0.00 150.00 0.00 90.00 0.00 105.00 0.00 0.2002
4 77.50 0.00 100.00 0.00 82.50 0.00 85.00 0.00 0.925253
4 72.50 0.00 95.00 0.00 87.50 0.00 90.00 0.00 0.78959
4 15.00 0.00 165.00 0.00 75.00 0.00 90.00 0.00 0.173246
4 30.00 0.00 180.00 0.00 60.00 0.00 75.00 0.00 0.372548
4 0.00 0.00 180.00 0.00 75.00 0.00 90.00 0.00 0.136455
4 15.00 0.00 195.00 0.00 60.00 0.00 75.00 0.00 0.240353
4 77.50 0.00 100.00 0.00 85.00 0.00 87.50 0.00 0.698936
4 75.00 0.00 97.50 0.00 87.50 0.00 90.00 0.00 0.633671
4 5.00 0.00 140.00 0.00 95.00 0.00 110.00 0.00 0.273927
4 60.00 0.00 105.00 0.00 90.00 0.00 95.00 0.00 0.456693
4 70.00 0.00 115.00 0.00 80.00 0.00 85.00 0.00 0.646005
4 65.00 0.00 110.00 0.00 85.00 0.00 90.00 0.00 0.319965
4 72.50 0.00 95.00 0.00 90.00 0.00 92.50 0.00 1.37052
4 80.00 0.00 102.50 0.00 82.50 0.00 85.00 0.00 1.65343
4 67.50 0.00 112.50 0.00 82.50 0.00 87.50 0.00 0.393468
4 62.50 0.00 107.50 0.00 87.50 0.00 92.50 0.00 0.316508
4 57.50 0.00 102.50 0.00 92.50 0.00 97.50 0.00 1.06709
4 72.50 0.00 117.50 0.00 77.50 0.00 82.50 0.00 1.45965
4 35.00 0.00 200.00 0.00 50.00 0.00 65.00 0.00 1.37485
4 5.00 0.00 200.00 0.00 65.00 0.00 80.00 0.00 0.181112
4 5.00 0.00 170.00 0.00 80.00 0.00 95.00 0.00 0.157439
4 57.50 0.00 147.50 0.00 67.50 0.00 77.50 0.00 1.64269
4 35.00 0.00 170.00 0.00 65.00 0.00 80.00 0.00 0.386937
4 20.00 0.00 185.00 0.00 65.00 0.00 80.00 0.00 0.238003
4 52.50 0.00 142.50 0.00 72.50 0.00 82.50 0.00 0.36309
4 20.00 0.00 155.00 0.00 80.00 0.00 95.00 0.00 0.20032
4 77.50 0.00 100.00 0.00 87.50 0.00 90.00 0.00 0.564861
4 75.00 0.00 97.50 0.00 90.00 0.00 92.50 0.00 0.771588
4 80.00 0.00 102.50 0.00 85.00 0.00 87.50 0.00 0.892974
4 40.00 0.00 190.00 0.00 55.00 0.00 70.00 0.00 1.18237
4 10.00 0.00 160.00 0.00 85.00 0.00 100.00 0.00 0.170457
4 10.00 0.00 190.00 0.00 70.00 0.00 85.00 0.00 0.164593
4 25.00 0.00 175.00 0.00 70.00 0.00 85.00 0.00 0.216714
4 75.00 0.00 97.50 0.00 92.50 0.00 95.00 0.00 1.98554
4 0.00 0.00 135.00 0.00 105.00 0.00 120.00 0.00 0.788434
4 45.00 0.00 135.00 0.00 85.00 0.00 95.00 0.00 0.223893
4 15.00 0.00 150.00 0.00 90.00 0.00 105.00 0.00 0.214942
4 30.00 0.00 120.00 0.00 100.00 0.00 110.00 0.00 0.869604
4 60.00 0.00 105.00 0.00 95.00 0.00 100.00 0.00 1.14097
4 55.00 0.00 145.00 0.00 75.00 0.00 85.00 0.00 0.335671
4 77.50 0.00 100.00 0.00 90.00 0.00 92.50 0.00 0.544839
4 40.00 0.00 130.00 0.00 90.00 0.00 100.00 0.00 0.214581
4 35.00 0.00 125.00 0.00 95.00 0.00 105.00 0.00 0.320474
4 60.00 0.00 150.00 0.00 70.00 0.00 80.00 0.00 1.1709
4 70.00 0.00 115.00 0.00 85.00 0.00 90.00 0.00 0.411054
4 65.00 0.00 110.00 0.00 90.00 0.00 95.00 0.00 0.308467
4 75.00 0.00 120.00 0.00 80.00 0.00 85.00 0.00 1.46219
4 50.00 0.00 140.00 0.00 80.00 0.00 90.00 0.00 0.259397
4 80.00 0.00 102.50 0.00 87.50 0.00 90.00 0.00 0.572985
4 72.50 0.00 117.50 0.00 82.50 0.00 87.50 0.00 0.69971
4 62.50 0.00 107.50 0.00 92.50 0.00 97.50 0.00 0.426238
4 30.00 0.00 195.00 0.00 60.00 0.00 75.00 0.00 0.362202
4 67.50 0.00 112.50 0.00 87.50 0.00 92.50 0.00 0.287465
4 30.00 0.00 165.00 0.00 75.00 0.00 90.00 0.00 0.213171
4 15.00 0.00 180.00 0.00 75.00 0.00 90.00 0.00 0.158894
4 82.50 0.00 105.00 0.00 85.00 0.00 87.50 0.00 1.66103
4 45.00 0.00 180.00 0.00 60.00 0.00 75.00 0.00 0.952923
4 0.00 0.00 195.00 0.00 75.00 0.00 90.00 0.00 0.128457
4 0.00 0.00 165.00 0.00 90.00 0.00 105.00 0.00 0.16678
4 77.50 0.00 100.00 0.00 92.50 0.00 95.00 0.00 0.946891
4 80.00 0.00 102.50 0.00 90.00 0.00 92.50 0.00 0.437937
4 82.50 0.00 105.00 0.00 87.50 0.00 90.00 0.00 0.736469
4 20.00 0.00 170.00 0.00 80.00 0.00 95.00 0.00 0.180997
4 35.00 0.00 185.00 0.00 65.00 0.00 80.00 0.00 0.37387
4 20.00 0.00 200.00 0.00 65.00 0.00 80.00 0.00 0.229748
4 5.00 0.00 185.00 0.00 80.00 0.00 95.00 0.00 0.142742
4 5.00 0.00 155.00 0.00 95.00 0.00 110.00 0.00 0.21186
4 77.50 0.00 100.00 0.00 95.00 0.00 97.50 0.00 2.12594
4 10.00 0.00 145.00 0.00 100.00 0.00 115.00 0.00 0.28136
4 70.00 0.00 115.00 0.00 90.00 0.00 95.00 0.00 0.297285
4 65.00 0.00 110.00 0.00 95.00 0.00 100.00 0.00 0.41576
4 75.00 0.00 120.00 0.00 85.00 0.00 90.00 0.00 0.6552
4 85.00 0.00 107.50 0.00 87.50 0.00 90.00 0.00 1.41564
4 80.00 0.00 102.50 0.00 92.50 0.00 95.00 0.00 0.568617
4 72.50 0.00 117.50 0.00 87.50 0.00 92.50 0.00 0.370768
4 67.50 0.00 112.50 0.00 92.50 0.00 97.50 0.00 0.302554
4 62.50 0.00 107.50 0.00 97.50 0.00 102.50 0.00 1.78934
4 77.50 0.00 122.50 0.00 82.50 0.00 87.50 0.00 1.32175
4 25.00 0.00 190.00 0.00 70.00 0.00 85.00 0.00 0.204405
4 10.00 0.00 175.00 0.00 85.00 0.00 100.00 0.00 0.151889
4 25.00 0.00 160.00 0.00 85.00 0.00 100.00 0.00 0.196371
4 40.00 0.00 175.00 0.00 70.00 0.00 85.00 0.00 0.332237
4 52.50 0.00 142.50 0.00 82.50 0.00 92.50 0.00 0.25974
4 57.50 0.00 147.50 0.00 77.50 0.00 87.50 0.00 0.361015
4 82.50 0.00 105.00 0.00 90.00 0.00 92.50 0.00 0.454531
4 0.00 0.00 150.00 0.00 105.00 0.00 120.00 0.00 0.274422
4 82.50 0.00 105.00 0.00 92.50 0.00 95.00 0.00 0.480136
4 80.00 0.00 102.50 0.00 95.00 0.00 97.50 0.00 0.742556
4 85.00 0.00 107.50 0.00 90.00 0.00 92.50 0.00 0.605961
4 45.00 0.00 195.00 0.00 60.00 0.00 75.00 0.00 0.944177
4 30.00 0.00 180.00 0.00 75.00 0.00 90.00 0.00 0.199146
4 0.00 0.00 180.00 0.00 90.00 0.00 105.00 0.00 0.147705
4 15.00 0.00 195.00 0.00 75.00 0.00 90.00 0.00 0.150285
4 15.00 0.00 165.00 0.00 90.00 0.00 105.00 0.00 0.183102
4 50.00 0.00 140.00 0.00 90.00 0.00 100.00 0.00 0.208157
4 40.00 0.00 130.00 0.00 100.00 0.00 110.00 0.00 0.35296
4 45.00 0.00 135.00 0.00 95.00 0.00 105.00 0.00 0.255295
4 60.00 0.00 150.00 0.00 80.00 0.00 90.00 0.00 0.361751
4 5.00 0.00 140.00 0.00 110.00 0.00 125.00 0.00 1.09159
4 80.00 0.00 125.00 0.00 85.00 0.00 90.00 0.00 1.20512
4 75.00 0.00 120.00 0.00 90.00 0.00 95.00 0.00 0.359435
4 35.00 0.00 125.00 0.00 105.00 0.00 115.00 0.00 0.841573
4 70.00 0.00 115.00 0.00 95.00 0.00 100.00 0.00 0.308618
4 65.00 0.00 110.00 0.00 100.00 0.00 105.00 0.00 1.88067
4 55.00 0.00 145.00 0.00 85.00 0.00 95.00 0.00 0.256583
4 80.00 0.00 102.50 0.00 97.50 0.00 100.00 0.00 3.86864
4 77.50 0.00 122.50 0.00 87.50 0.00 92.50 0.00 0.524946
4 67.50 0.00 112.50 0.00 97.50 0.00 102.50 0.00 0.552893
4 82.50 0.00 105.00 0.00 95.00 0.00 97.50 0.00 0.442578
4 72.50 0.00 117.50 0.00 92.50 0.00 97.50 0.00 0.301307
4 85.00 0.00 107.50 0.00 92.50 0.00 95.00 0.00 0.53243
4 5.00 0.00 200.00 0.00 80.00 0.00 95.00 0.00 0.133979
4 20.00 0.00 185.00 0.00 80.00 0.00 95.00 0.00 0.165985
4 65.00 0.00 155.00 0.00 75.00 0.00 85.00 0.00 0.709959
4 87.50 0.00 110.00 0.00 90.00 0.00 92.50 0.00 1.16422
4 20.00 0.00 155.00 0.00 95.00 0.00 110.00 0.00 0.228668
4 5.00 0.00 170.00 0.00 95.00 0.00 110.00 0.00 0.177549
4 35.00 0.00 170.00 0.00 80.00 0.00 95.00 0.00 0.229505
4 50.00 0.00 185.00 0.00 65.00 0.00 80.00 0.00 0.953049
4 35.00 0.00 200.00 0.00 65.00 0.00 80.00 0.00 0.364204
4 87.50 0.00 110.00 0.00 92.50 0.00 95.00 0.00 0.733384
4 82.50 0.00 105.00 0.00 97.50 0.00 100.00 0.00 0.939633
4 85.00 0.00 107.50 0.00 95.00 0.00 97.50 0.00 0.401832
4 25.00 0.00 175.00 0.00 85.00 0.00 100.00 0.00 0.176878
4 40.00 0.00 190.00 0.00 70.00 0.00 85.00 0.00 0.321498
4 10.00 0.00 160.00 0.00 100.00 0.00 115.00 0.00 0.222032
4 10.00 0.00 190.00 0.00 85.00 0.00 100.00 0.00 0.13837
4 15.00 0.00 150.00 0.00 105.00 0.00 120.00 0.00 0.286024
4 70.00 0.00 115.00 0.00 100.00 0.00 105.00 0.00 0.612364
4 75.00 0.00 120.00 0.00 95.00 0.00 100.00 0.00 0.301848
4 80.00 0.00 125.00 0.00 90.00 0.00 95.00 0.00 0.483419
4 85.00 0.00 107.50 0.00 97.50 0.00 100.00 0.00 0.555331
4 82.50 0.00 105.00 0.00 100.00 0.00 102.50 0.00 6.48574
4 77.50 0.00 122.50 0.00 92.50 0.00 97.50 0.00 0.344656
4 82.50 0.00 127.50 0.00 87.50 0.00 92.50 0.00 0.977134
4 67.50 0.00 112.50 0.00 102.50 0.00 107.50 0.00 2.01447
4 52.50 0.00 142.50 0.00 92.50 0.00 102.50 0.00 0.238377
4 0.00 0.00 165.00 0.00 105.00 0.00 120.00 0.00 0.20419
4 0.00 0.00 195.00 0.00 90.00 0.00 105.00 0.00 0.134414
4 30.00 0.00 165.00 0.00 90.00 0.00 105.00 0.00 0.209236
4 15.00 0.00 180.00 0.00 90.00 0.00 105.00 0.00 0.162717
4 87.50 0.00 110.00 0.00 95.00 0.00 97.50 0.00 0.457838
4 72.50 0.00 117.50 0.00 97.50 0.00 102.50 0.00 0.401711
4 30.00 0.00 195.00 0.00 75.00 0.00 90.00 0.00 0.191762
4 57.50 0.00 147.50 0.00 87.50 0.00 97.50 0.00 0.239814
4 45.00 0.00 180.00 0.00 75.00 0.00 90.00 0.00 0.284538
4 90.00 0.00 112.50 0.00 92.50 0.00 95.00 0.00 1.3724
4 85.00 0.00 107.50 0.00 100.00 0.00 102.50 0.00 1.54896
4 90.00 0.00 112.50 0.00 95.00 0.00 97.50 0.00 0.63925
4 50.00 0.00 200.00 0.00 65.00 0.00 80.00 0.00 0.944535
4 5.00 0.00 155.00 0.00 110.00 0.00 125.00 0.00 0.34237
4 20.00 0.00 200.00 0.00 80.00 0.00 95.00 0.00 0.156219
4 35.00 0.00 185.00 0.00 80.00 0.00 95.00 0.00 0.214284
4 5.00 0.00 185.00 0.00 95.00 0.00 110.00 0.00 0.156046
4 20.00 0.00 170.00 0.00 95.00 0.00 110.00 0.00 0.196464
4 87.50 0.00 110.00 0.00 97.50 0.00 100.00 0.00 0.490711
4 60.00 0.00 150.00 0.00 90.00 0.00 100.00 0.00 0.236907
4 55.00 0.00 145.00 0.00 95.00 0.00 105.00 0.00 0.245261
4 40.00 0.00 130.00 0.00 110.00 0.00 120.00 0.00 1.41295
4 50.00 0.00 140.00 0.00 100.00 0.00 110.00 0.00 0.270388
4 10.00 0.00 145.00 0.00 115.00 0.00 130.00 0.00 0.859023
4 85.00 0.00 130.00 0.00 90.00 0.00 95.00 0.00 0.9281
4 75.00 0.00 120.00 0.00 100.00 0.00 105.00 0.00 0.432567
4 70.00 0.00 115.00 0.00 105.00 0.00 110.00 0.00 2.03386
4 80.00 0.00 125.00 0.00 95.00 0.00 100.00 0.00 0.333677
4 45.00 0.00 135.00 0.00 105.00 0.00 115.00 0.00 0.354128
4 72.50 0.00 117.50 0.00 102.50 0.00 107.50 0.00 0.602746
4 85.00 0.00 107.50 0.00 102.50 0.00 105.00 0.00 7.36627
4 90.00 0.00 112.50 0.00 97.50 0.00 100.00 0.00 0.56704
4 82.50 0.00 127.50 0.00 92.50 0.00 97.50 0.00 0.484146
4 25.00 0.00 190.00 0.00 85.00 0.00 100.00 0.00 0.163462
4 77.50 0.00 122.50 0.00 97.50 0.00 102.50 0.00 0.369413
4 10.00 0.00 175.00 0.00 100.00 0.00 115.00 0.00 0.184831
4 55.00 0.00 190.00 0.00 70.00 0.00 85.00 0.00 0.821611
4 92.50 0.00 115.00 0.00 95.00 0.00 97.50 0.00 1.24767
4 25.00 0.00 160.00 0.00 100.00 0.00 115.00 0.00 0.237265
4 40.00 0.00 175.00 0.00 85.00 0.00 100.00 0.00 0.226461
4 65.00 0.00 155.00 0.00 85.00 0.00 95.00 0.00 0.344572
4 70.00 0.00 160.00 0.00 80.00 0.00 90.00 0.00 0.925514
4 87.50 0.00 110.00 0.00 100.00 0.00 102.50 0.00 0.762349
4 0.00 0.00 150.00 0.00 120.00 0.00 135.00 0.00 0.688454
4 92.50 0.00 115.00 0.00 97.50 0.00 100.00 0.00 0.78943
4 15.00 0.00 165.00 0.00 105.00 0.00 120.00 0.00 0.214219
4 0.00 0.00 180.00 0.00 105.00 0.00 120.00 0.00 0.167316
4 45.00 0.00 195.00 0.00 75.00 0.00 90.00 0.00 0.276041
4 30.00 0.00 180.00 0.00 90.00 0.00 105.00 0.00 0.190489
4 15.00 0.00 195.00 0.00 90.00 0.00 105.00 0.00 0.151292
4 87.50 0.00 110.00 0.00 102.50 0.00 105.00 0.00 1.46397
4 90.00 0.00 112.50 0.00 100.00 0.00 102.50 0.00 0.668705
4 80.00 0.00 125.00 0.00 100.00 0.00 105.00 0.00 0.373343
4 85.00 0.00 130.00 0.00 95.00 0.00 100.00 0.00 0.49262
4 75.00 0.00 120.00 0.00 105.00 0.00 110.00 0.00 0.640845
4 87.50 0.00 110.00 0.00 105.00 0.00 107.50 0.00 6.21414
4 90.00 0.00 112.50 0.00 102.50 0.00 105.00 0.00 0.739489
4 87.50 0.00 132.50 0.00 92.50 0.00 97.50 0.00 1.00814
4 82.50 0.00 127.50 0.00 97.50 0.00 102.50 0.00 0.417862
4 77.50 0.00 122.50 0.00 102.50 0.00 107.50 0.00 0.384869
4 92.50 0.00 115.00 0.00 100.00 0.00 102.50 0.00 0.737192
4 57.50 0.00 147.50 0.00 97.50 0.00 107.50 0.00 0.257091
4 35.00 0.00 200.00 0.00 80.00 0.00 95.00 0.00 0.204648
4 5.00 0.00 200.00 0.00 95.00 0.00 110.00 0.00 0.142958
4 95.00 0.00 117.50 0.00 97.50 0.00 100.00 0.00 1.82892
4 20.00 0.00 185.00 0.00 95.00 0.00 110.00 0.00 0.172951
4 52.50 0.00 142.50 0.00 102.50 0.00 112.50 0.00 0.25164
4 50.00 0.00 185.00 0.00 80.00 0.00 95.00 0.00 0.301022
4 72.50 0.00 117.50 0.00 107.50 0.00 112.50 0.00 2.21642
4 20.00 0.00 155.00 0.00 110.00 0.00 125.00 0.00 0.356317
4 35.00 0.00 170.00 0.00 95.00 0.00 110.00 0.00 0.228444
4 5.00 0.00 170.00 0.00 110.00 0.00 125.00 0.00 0.243258
4 92.50 0.00 115.00 0.00 102.50 0.00 105.00 0.00 0.578696
4 25.00 0.00 175.00 0.00 100.00 0.00 115.00 0.00 0.202286
4 10.00 0.00 160.00 0.00 115.00 0.00 130.00 0.00 0.347179
4 10.00 0.00 190.00 0.00 100.00 0.00 115.00 0.00 0.165066
4 40.00 0.00 190.00 0.00 85.00 0.00 100.00 0.00 0.213159
4 95.00 0.00 117.50 0.00 100.00 0.00 102.50 0.00 1.10616
4 90.00 0.00 112.50 0.00 105.00 0.00 107.50 0.00 1.55035
4 50.00 0.00 140.00 0.00 110.00 0.00 120.00 0.00 0.382328
4 90.00 0.00 135.00 0.00 95.00 0.00 100.00 0.00 1.02072
4 45.00 0.00 135.00 0.00 115.00 0.00 125.00 0.00 3.20099
4 15.00 0.00 150.00 0.00 120.00 0.00 135.00 0.00 0.697882
4 55.00 0.00 145.00 0.00 105.00 0.00 115.00 0.00 0.25102
4 85.00 0.00 130.00 0.00 100.00 0.00 105.00 0.00 0.44559
4 60.00 0.00 150.00 0.00 100.00 0.00 110.00 0.00 0.264804
4 75.00 0.00 120.00 0.00 110.00 0.00 115.00 0.00 3.17301
4 80.00 0.00 125.00 0.00 105.00 0.00 110.00 0.00 0.362485
4 97.50 0.00 120.00 0.00 100.00 0.00 102.50 0.00 2.48122
4 95.00 0.00 117.50 0.00 102.50 0.00 105.00 0.00 0.637744
4 90.00 0.00 112.50 0.00 107.50 0.00 110.00 0.00 7.352
4 87.50 0.00 132.50 0.00 97.50 0.00 102.50 0.00 0.645284
4 77.50 0.00 122.50 0.00 107.50 0.00 112.50 0.00 0.628136
4 92.50 0.00 115.00 0.00 105.00 0.00 107.50 0.00 0.704206
4 65.00 0.00 155.00 0.00 95.00 0.00 105.00 0.00 0.271815
4 60.00 0.00 195.00 0.00 75.00 0.00 90.00 0.00 0.5651
4 30.00 0.00 195.00 0.00 90.00 0.00 105.00 0.00 0.17662
4 15.00 0.00 180.00 0.00 105.00 0.00 120.00 0.00 0.17907
4 82.50 0.00 127.50 0.00 102.50 0.00 107.50 0.00 0.320306
4 30.00 0.00 165.00 0.00 105.00 0.00 120.00 0.00 0.235187
4 45.00 0.00 180.00 0.00 90.00 0.00 105.00 0.00 0.238179
4 0.00 0.00 195.00 0.00 105.00 0.00 120.00 0.00 0.148473
4 70.00 0.00 160.00 0.00 90.00 0.00 100.00 0.00 0.349481
4 75.00 0.00 165.00 0.00 85.00 0.00 95.00 0.00 0.88959
4 0.00 0.00 165.00 0.00 120.00 0.00 135.00 0.00 0.306592
4 97.50 0.00 120.00 0.00 102.50 0.00 105.00 0.00 0.923288
4 95.00 0.00 117.50 0.00 105.00 0.00 107.50 0.00 0.538337
4 50.00 0.00 200.00 0.00 80.00 0.00 95.00 0.00 0.291283
4 20.00 0.00 170.00 0.00 110.00 0.00 125.00 0.00 0.257398
4 5.00 0.00 155.00 0.00 125.00 0.00 140.00 0.00 0.717368
4 20.00 0.00 200.00 0.00 95.00 0.00 110.00 0.00 0.159867
4 5.00 0.00 185.00 0.00 110.00 0.00 125.00 0.00 0.19754
4 92.50 0.00 115.00 0.00 107.50 0.00 110.00 0.00 1.56677
4 35.00 0.00 185.00 0.00 95.00 0.00 110.00 0.00 0.20586
4 90.00 0.00 135.00 0.00 100.00 0.00 105.00 0.00 0.687722
4 85.00 0.00 130.00 0.00 105.00 0.00 110.00 0.00 0.322111
4 80.00 0.00 125.00 0.00 110.00 0.00 115.00 0.00 0.634627
4 95.00 0.00 117.50 0.00 107.50 0.00 110.00 0.00 0.782393
4 87.50 0.00 132.50 0.00 102.50 0.00 107.50 0.00 0.383768
4 82.50 0.00 127.50 0.00 107.50 0.00 112.50 0.00 0.343641
4 40.00 0.00 175.00 0.00 100.00 0.00 115.00 0.00 0.238113
4 55.00 0.00 190.00 0.00 85.00 0.00 100.00 0.00 0.303001
4 77.50 0.00 122.50 0.00 112.50 0.00 117.50 0.00 5.35835
4 97.50 0.00 120.00 0.00 105.00 0.00 107.50 0.00 0.54087
4 10.00 0.00 175.00 0.00 115.00 0.00 130.00 0.00 0.247971
4 25.00 0.00 190.00 0.00 100.00 0.00 115.00 0.00 0.181898
4 92.50 0.00 115.00 0.00 110.00 0.00 112.50 0.00 7.32453
4 25.00 0.00 160.00 0.00 115.00 0.00 130.00 0.00 0.361358
4 52.50 0.00 142.50 0.00 112.50 0.00 122.50 0.00 0.479208
4 57.50 0.00 147.50 0.00 107.50 0.00 117.50 0.00 0.255424
4 100.00 0.00 122.50 0.00 102.50 0.00 105.00 0.00 3.85013
4 92.50 0.00 137.50 0.00 97.50 0.00 102.50 0.00 1.28835
4 97.50 0.00 120.00 0.00 107.50 0.00 110.00 0.00 0.581251
4 95.00 0.00 117.50 0.00 110.00 0.00 112.50 0.00 1.65641
4 30.00 0.00 180.00 0.00 105.00 0.00 120.00 0.00 0.198806
4 0.00 0.00 180.00 0.00 120.00 0.00 135.00 0.00 0.223147
4 15.00 0.00 195.00 0.00 105.00 0.00 120.00 0.00 0.15977
4 15.00 0.00 165.00 0.00 120.00 0.00 135.00 0.00 0.315041
4 100.00 0.00 122.50 0.00 105.00 0.00 107.50 0.00 0.91448
4 45.00 0.00 195.00 0.00 90.00 0.00 105.00 0.00 0.226112
4 55.00 0.00 145.00 0.00 115.00 0.00 125.00 0.00 0.523765
4 85.00 0.00 130.00 0.00 110.00 0.00 115.00 0.00 0.360897
4 90.00 0.00 135.00 0.00 105.00 0.00 110.00 0.00 0.373609
4 95.00 0.00 140.00 0.00 100.00 0.00 105.00 0.00 1.47138
4 80.00 0.00 125.00 0.00 115.00 0.00 120.00 0.00 5.50499
4 60.00 0.00 150.00 0.00 110.00 0.00 120.00 0.00 0.260651
4 50.00 0.00 140.00 0.00 120.00 0.00 130.00 0.00 2.10657
4 97.50 0.00 120.00 0.00 110.00 0.00 112.50 0.00 0.735558
4 95.00 0.00 117.50 0.00 112.50 0.00 115.00 0.00 13.6557
4 82.50 0.00 127.50 0.00 112.50 0.00 117.50 0.00 0.845068
4 100.00 0.00 122.50 0.00 107.50 0.00 110.00 0.00 0.611159
4 50.00 0.00 185.00 0.00 95.00 0.00 110.00 0.00 0.254891
4 92.50 0.00 137.50 0.00 102.50 0.00 107.50 0.00 0.550088
4 5.00 0.00 170.00 0.00 125.00 0.00 140.00 0.00 0.30881
4 35.00 0.00 170.00 0.00 110.00 0.00 125.00 0.00 0.281988
4 5.00 0.00 200.00 0.00 110.00 0.00 125.00 0.00 0.172332
4 65.00 0.00 155.00 0.00 105.00 0.00 115.00 0.00 0.239943
4 35.00 0.00 200.00 0.00 95.00 0.00 110.00 0.00 0.192311
4 20.00 0.00 185.00 0.00 110.00 0.00 125.00 0.00 0.210982
4 87.50 0.00 132.50 0.00 107.50 0.00 112.50 0.00 0.311955
4 20.00 0.00 155.00 0.00 125.00 0.00 140.00 0.00 0.727178
4 65.00 0.00 200.00 0.00 80.00 0.00 95.00 0.00 0.582187
4 75.00 0.00 165.00 0.00 95.00 0.00 105.00 0.00 0.416483
4 70.00 0.00 160.00 0.00 100.00 0.00 110.00 0.00 0.30715
4 80.00 0.00 170.00 0.00 90.00 0.00 100.00 0.00 0.717904
4 102.50 0.00 125.00 0.00 105.00 0.00 107.50 0.00 5.85499
4 100.00 0.00 122.50 0.00 110.00 0.00 112.50 0.00 0.515645
4 102.50 0.00 125.00 0.00 107.50 0.00 110.00 0.00 1.38865
4 10.00 0.00 160.00 0.00 130.00 0.00 145.00 0.00 0.656524
4 40.00 0.00 190.00 0.00 100.00 0.00 115.00 0.00 0.216879
4 25.00 0.00 175.00 0.00 115.00 0.00 130.00 0.00 0.262247
4 10.00 0.00 190.00 0.00 115.00 0.00 130.00 0.00 0.204982
4 97.50 0.00 120.00 0.00 112.50 0.00 115.00 0.00 2.63357
4 85.00 0.00 130.00 0.00 115.00 0.00 120.00 0.00 1.19527
4 90.00 0.00 135.00 0.00 110.00 0.00 115.00 0.00 0.315011
4 95.00 0.00 140.00 0.00 105.00 0.00 110.00 0.00 0.512931
4 100.00 0.00 122.50 0.00 112.50 0.00 115.00 0.00 1.07676
4 82.50 0.00 127.50 0.00 117.50 0.00 122.50 0.00 8.10976
4 102.50 0.00 125.00 0.00 110.00 0.00 112.50 0.00 0.569681
4 45.00 0.00 180.00 0.00 105.00 0.00 120.00 0.00 0.230943
4 97.50 0.00 142.50 0.00 102.50 0.00 107.50 0.00 1.18731
4 30.00 0.00 195.00 0.00 105.00 0.00 120.00 0.00 0.180143
4 0.00 0.00 195.00 0.00 120.00 0.00 135.00 0.00 0.188158
4 0.00 0.00 165.00 0.00 135.00 0.00 150.00 0.00 0.575073
4 15.00 0.00 180.00 0.00 120.00 0.00 135.00 0.00 0.232839
4 87.50 0.00 132.50 0.00 112.50 0.00 117.50 0.00 0.439646
4 105.00 0.00 127.50 0.00 107.50 0.00 110.00 0.00 7.2999
4 30.00 0.00 165.00 0.00 120.00 0.00 135.00 0.00 0.333317
4 60.00 0.00 195.00 0.00 90.00 0.00 105.00 0.00 0.314225
4 52.50 0.00 142.50 0.00 122.50 0.00 132.50 0.00 1.77708
4 92.50 0.00 137.50 0.00 107.50 0.00 112.50 0.00 0.350007
4 97.50 0.00 120.00 0.00 115.00 0.00 117.50 0.00 21.7698
4 57.50 0.00 147.50 0.00 117.50 0.00 127.50 0.00 0.48377
4 102.50 0.00 125.00 0.00 112.50 0.00 115.00 0.00 0.622802
4 50.00 0.00 200.00 0.00 95.00 0.00 110.00 0.00 0.241002
4 35.00 0.00 185.00 0.00 110.00 0.00 125.00 0.00 0.236874
4 100.00 0.00 122.50 0.00 115.00 0.00 117.50 0.00 4.48694
4 20.00 0.00 200.00 0.00 110.00 0.00 125.00 0.00 0.186631
4 105.00 0.00 127.50 0.00 110.00 0.00 112.50 0.00 1.29253
4 20.00 0.00 170.00 0.00 125.00 0.00 140.00 0.00 0.318113
4 5.00 0.00 185.00 0.00 125.00 0.00 140.00 0.00 0.219295
4 90.00 0.00 135.00 0.00 115.00 0.00 120.00 0.00 0.581155
4 100.00 0.00 145.00 0.00 105.00 0.00 110.00 0.00 1.2391
4 60.00 0.00 150.00 0.00 120.00 0.00 130.00 0.00 0.477075
4 95.00 0.00 140.00 0.00 110.00 0.00 115.00 0.00 0.323923
4 85.00 0.00 130.00 0.00 120.00 0.00 125.00 0.00 9.17034
4 55.00 0.00 145.00 0.00 125.00 0.00 135.00 0.00 1.16465
4 102.50 0.00 125.00 0.00 115.00 0.00 117.50 0.00 1.35466
4 100.00 0.00 122.50 0.00 117.50 0.00 120.00 0.00 24.8651
4 87.50 0.00 132.50 0.00 117.50 0.00 122.50 0.00 1.98262
4 97.50 0.00 142.50 0.00 107.50 0.00 112.50 0.00 0.472767
4 55.00 0.00 190.00 0.00 100.00 0.00 115.00 0.00 0.270097
4 107.50 0.00 130.00 0.00 110.00 0.00 112.50 0.00 5.96858
4 25.00 0.00 190.00 0.00 115.00 0.00 130.00 0.00 0.220483
4 105.00 0.00 127.50 0.00 112.50 0.00 115.00 0.00 0.702195
4 10.00 0.00 175.00 0.00 130.00 0.00 145.00 0.00 0.297884
4 75.00 0.00 165.00 0.00 105.00 0.00 115.00 0.00 0.274995
4 85.00 0.00 175.00 0.00 95.00 0.00 105.00 0.00 0.821566
4 70.00 0.00 160.00 0.00 110.00 0.00 120.00 0.00 0.247113
4 25.00 0.00 160.00 0.00 130.00 0.00 145.00 0.00 0.66604
4 92.50 0.00 137.50 0.00 112.50 0.00 117.50 0.00 0.346932
4 40.00 0.00 175.00 0.00 115.00 0.00 130.00 0.00 0.289692
4 65.00 0.00 155.00 0.00 115.00 0.00 125.00 0.00 0.343889
4 80.00 0.00 170.00 0.00 100.00 0.00 110.00 0.00 0.429616
4 102.50 0.00 125.00 0.00 117.50 0.00 120.00 0.00 4.38183
4 107.50 0.00 130.00 0.00 112.50 0.00 115.00 0.00 1.52131
4 15.00 0.00 195.00 0.00 120.00 0.00 135.00 0.00 0.197695
4 45.00 0.00 195.00 0.00 105.00 0.00 120.00 0.00 0.211481
4 15.00 0.00 165.00 0.00 135.00 0.00 150.00 0.00 0.582075
4 30.00 0.00 180.00 0.00 120.00 0.00 135.00 0.00 0.249709
4 105.00 0.00 127.50 0.00 115.00 0.00 117.50 0.00 0.793518
4 0.00 0.00 180.00 0.00 135.00 0.00 150.00 0.00 0.28462
4 90.00 0.00 135.00 0.00 120.00 0.00 125.00 0.00 2.78443
4 100.00 0.00 145.00 0.00 110.00 0.00 115.00 0.00 0.440791
4 95.00 0.00 140.00 0.00 115.00 0.00 120.00 0.00 0.35302
4 102.50 0.00 125.00 0.00 120.00 0.00 122.50 0.00 26.5007
4 97.50 0.00 142.50 0.00 112.50 0.00 117.50 0.00 0.335456
4 87.50 0.00 132.50 0.00 122.50 0.00 127.50 0.00 6.55948
4 50.00 0.00 185.00 0.00 110.00 0.00 125.00 0.00 0.269227
4 35.00 0.00 200.00 0.00 110.00 0.00 125.00 0.00 0.211561
4 20.00 0.00 185.00 0.00 125.00 0.00 140.00 0.00 0.228794
4 102.50 0.00 147.50 0.00 107.50 0.00 112.50 0.00 1.7168
4 107.50 0.00 130.00 0.00 115.00 0.00 117.50 0.00 0.810202
4 110.00 0.00 132.50 0.00 112.50 0.00 115.00 0.00 7.30066
4 35.00 0.00 170.00 0.00 125.00 0.00 140.00 0.00 0.334681
4 5.00 0.00 200.00 0.00 125.00 0.00 140.00 0.00 0.18203
4 65.00 0.00 200.00 0.00 95.00 0.00 110.00 0.00 0.327381
4 105.00 0.00 127.50 0.00 117.50 0.00 120.00 0.00 1.68942
4 5.00 0.00 170.00 0.00 140.00 0.00 155.00 0.00 0.57256
4 57.50 0.00 147.50 0.00 127.50 0.00 137.50 0.00 0.928717
4 92.50 0.00 137.50 0.00 117.50 0.00 122.50 0.00 0.874167
4 107.50 0.00 130.00 0.00 117.50 0.00 120.00 0.00 1.05925
4 105.00 0.00 127.50 0.00 120.00 0.00 122.50 0.00 6.66973
4 40.00 0.00 190.00 0.00 115.00 0.00 130.00 0.00 0.247027
4 10.00 0.00 190.00 0.00 130.00 0.00 145.00 0.00 0.221559
4 25.00 0.00 175.00 0.00 130.00 0.00 145.00 0.00 0.307307
4 110.00 0.00 132.50 0.00 115.00 0.00 117.50 0.00 1.52344
4 90.00 0.00 135.00 0.00 125.00 0.00 130.00 0.00 6.35406
4 95.00 0.00 140.00 0.00 120.00 0.00 125.00 0.00 0.885746
4 100.00 0.00 145.00 0.00 115.00 0.00 120.00 0.00 0.338892
4 105.00 0.00 150.00 0.00 110.00 0.00 115.00 0.00 1.72609
4 60.00 0.00 150.00 0.00 130.00 0.00 140.00 0.00 1.03133
4 107.50 0.00 130.00 0.00 120.00 0.00 122.50 0.00 3.16511
4 102.50 0.00 147.50 0.00 112.50 0.00 117.50 0.00 0.505276
4 97.50 0.00 142.50 0.00 117.50 0.00 122.50 0.00 0.438095
4 112.50 0.00 135.00 0.00 115.00 0.00 117.50 0.00 7.18264
4 30.00 0.00 195.00 0.00 120.00 0.00 135.00 0.00 0.213773
4 0.00 0.00 195.00 0.00 135.00 0.00 150.00 0.00 0.221049
4 60.00 0.00 195.00 0.00 105.00 0.00 120.00 0.00 0.25753
4 110.00 0.00 132.50 0.00 117.50 0.00 120.00 0.00 0.966753
4 70.00 0.00 160.00 0.00 120.00 0.00 130.00 0.00 0.338899
4 105.00 0.00 127.50 0.00 122.50 0.00 125.00 0.00 16.2464
4 30.00 0.00 165.00 0.00 135.00 0.00 150.00 0.00 0.594281
4 45.00 0.00 180.00 0.00 120.00 0.00 135.00 0.00 0.272974
4 90.00 0.00 180.00 0.00 100.00 0.00 110.00 0.00 0.925216
4 65.00 0.00 155.00 0.00 125.00 0.00 135.00 0.00 0.370874
4 75.00 0.00 165.00 0.00 115.00 0.00 125.00 0.00 0.309905
4 85.00 0.00 175.00 0.00 105.00 0.00 115.00 0.00 0.363796
4 80.00 0.00 170.00 0.00 110.00 0.00 120.00 0.00 0.267381
4 15.00 0.00 180.00 0.00 135.00 0.00 150.00 0.00 0.292183
4 92.50 0.00 137.50 0.00 122.50 0.00 127.50 0.00 2.21928
4 112.50 0.00 135.00 0.00 117.50 0.00 120.00 0.00 1.78984
4 110.00 0.00 132.50 0.00 120.00 0.00 122.50 0.00 1.78019
4 20.00 0.00 170.00 0.00 140.00 0.00 155.00 0.00 0.580692
4 50.00 0.00 200.00 0.00 110.00 0.00 125.00 0.00 0.244397
4 35.00 0.00 185.00 0.00 125.00 0.00 140.00 0.00 0.245945
4 5.00 0.00 185.00 0.00 140.00 0.00 155.00 0.00 0.271497
4 107.50 0.00 130.00 0.00 122.50 0.00 125.00 0.00 6.3046
4 20.00 0.00 200.00 0.00 125.00 0.00 140.00 0.00 0.191703
4 105.00 0.00 150.00 0.00 115.00 0.00 120.00 0.00 0.533772
4 100.00 0.00 145.00 0.00 120.00 0.00 125.00 0.00 0.494207
4 95.00 0.00 140.00 0.00 125.00 0.00 130.00 0.00 1.37276
4 110.00 0.00 132.50 0.00 122.50 0.00 125.00 0.00 3.02833
4 107.50 0.00 130.00 0.00 125.00 0.00 127.50 0.00 10.0991
4 115.00 0.00 137.50 0.00 117.50 0.00 120.00 0.00 12.7494
4 40.00 0.00 175.00 0.00 130.00 0.00 145.00 0.00 0.324832
4 112.50 0.00 135.00 0.00 120.00 0.00 122.50 0.00 1.55015
4 97.50 0.00 142.50 0.00 122.50 0.00 127.50 0.00 0.707849
4 25.00 0.00 190.00 0.00 130.00 0.00 145.00 0.00 0.230463
4 10.00 0.00 175.00 0.00 145.00 0.00 160.00 0.00 0.620692
4 55.00 0.00 190.00 0.00 115.00 0.00 130.00 0.00 0.281693
4 102.50 0.00 147.50 0.00 117.50 0.00 122.50 0.00 0.398598
4 92.50 0.00 137.50 0.00 127.50 0.00 132.50 0.00 5.95754
4 107.50 0.00 152.50 0.00 112.50 0.00 117.50 0.00 1.92999
4 30.00 0.00 180.00 0.00 135.00 0.00 150.00 0.00 0.30491
4 45.00 0.00 195.00 0.00 120.00 0.00 135.00 0.00 0.237895
4 15.00 0.00 195.00 0.00 135.00 0.00 150.00 0.00 0.228616
4 0.00 0.00 180.00 0.00 150.00 0.00 165.00 0.00 0.620922
4 110.00 0.00 132.50 0.00 125.00 0.00 127.50 0.00 3.84223
4 115.00 0.00 137.50 0.00 120.00 0.00 122.50 0.00 2.75235
4 112.50 0.00 135.00 0.00 122.50 0.00 125.00 0.00 2.13115
4 105.00 0.00 150.00 0.00 120.00 0.00 125.00 0.00 0.4937
4 95.00 0.00 140.00 0.00 130.00 0.00 135.00 0.00 3.65085
4 100.00 0.00 145.00 0.00 125.00 0.00 130.00 0.00 0.476886
4 115.00 0.00 137.50 0.00 122.50 0.00 125.00 0.00 1.91554
4 110.00 0.00 155.00 0.00 115.00 0.00 120.00 0.00 1.93168
4 97.50 0.00 142.50 0.00 127.50 0.00 132.50 0.00 1.20331
4 102.50 0.00 147.50 0.00 122.50 0.00 127.50 0.00 0.417789
4 70.00 0.00 160.00 0.00 130.00 0.00 140.00 0.00 0.435287
4 5.00 0.00 200.00 0.00 140.00 0.00 155.00 0.00 0.206721
4 65.00 0.00 155.00 0.00 135.00 0.00 145.00 0.00 0.921374
4 35.00 0.00 170.00 0.00 140.00 0.00 155.00 0.00 0.5939
4 35.00 0.00 200.00 0.00 125.00 0.00 140.00 0.00 0.209231
4 20.00 0.00 185.00 0.00 140.00 0.00 155.00 0.00 0.278566
4 112.50 0.00 135.00 0.00 125.00 0.00 127.50 0.00 2.36298
4 85.00 0.00 175.00 0.00 115.00 0.00 125.00 0.00 0.325789
4 117.50 0.00 140.00 0.00 120.00 0.00 122.50 0.00 19.8138
4 50.00 0.00 185.00 0.00 125.00 0.00 140.00 0.00 0.266826
4 65.00 0.00 200.00 0.00 110.00 0.00 125.00 0.00 0.289178
4 90.00 0.00 180.00 0.00 110.00 0.00 120.00 0.00 0.3534
4 95.00 0.00 185.00 0.00 105.00 0.00 115.00 0.00 0.717083
4 110.00 0.00 132.50 0.00 127.50 0.00 130.00 0.00 8.41328
4 75.00 0.00 165.00 0.00 125.00 0.00 135.00 0.00 0.251445
4 80.00 0.00 170.00 0.00 120.00 0.00 130.00 0.00 0.303852
4 107.50 0.00 152.50 0.00 117.50 0.00 122.50 0.00 0.609122
4 117.50 0.00 140.00 0.00 122.50 0.00 125.00 0.00 4.58732
4 115.00 0.00 137.50 0.00 125.00 0.00 127.50 0.00 1.49166
4 40.00 0.00 190.00 0.00 130.00 0.00 145.00 0.00 0.248577
4 112.50 0.00 135.00 0.00 127.50 0.00 130.00 0.00 4.22437
4 10.00 0.00 190.00 0.00 145.00 0.00 160.00 0.00 0.305063
4 25.00 0.00 175.00 0.00 145.00 0.00 160.00 0.00 0.628806
4 100.00 0.00 145.00 0.00 130.00 0.00 135.00 0.00 0.791813
4 105.00 0.00 150.00 0.00 125.00 0.00 130.00 0.00 0.328982
4 120.00 0.00 142.50 0.00 122.50 0.00 125.00 0.00 24.8957
4 112.50 0.00 135.00 0.00 130.00 0.00 132.50 0.00 9.49793
4 115.00 0.00 137.50 0.00 127.50 0.00 130.00 0.00 2.14574
4 117.50 0.00 140.00 0.00 125.00 0.00 127.50 0.00 1.50172
4 110.00 0.00 155.00 0.00 120.00 0.00 125.00 0.00 0.751782
4 102.50 0.00 147.50 0.00 127.50 0.00 132.50 0.00 0.390976
4 0.00 0.00 195.00 0.00 150.00 0.00 165.00 0.00 0.350263
4 15.00 0.00 180.00 0.00 150.00 0.00 165.00 0.00 0.627274
4 45.00 0.00 180.00 0.00 135.00 0.00 150.00 0.00 0.321615
4 30.00 0.00 195.00 0.00 135.00 0.00 150.00 0.00 0.240088
4 97.50 0.00 142.50 0.00 132.50 0.00 137.50 0.00 3.7477
4 60.00 0.00 195.00 0.00 120.00 0.00 135.00 0.00 0.269539
4 107.50 0.00 152.50 0.00 122.50 0.00 127.50 0.00 0.456201
4 112.50 0.00 157.50 0.00 117.50 0.00 122.50 0.00 2.19615
4 120.00 0.00 142.50 0.00 125.00 0.00 127.50 0.00 4.02739
4 115.00 0.00 137.50 0.00 130.00 0.00 132.50 0.00 4.05753
4 20.00 0.00 200.00 0.00 140.00 0.00 155.00 0.00 0.213951
4 35.00 0.00 185.00 0.00 140.00 0.00 155.00 0.00 0.291058
4 50.00 0.00 200.00 0.00 125.00 0.00 140.00 0.00 0.229115
4 117.50 0.00 140.00 0.00 127.50 0.00 130.00 0.00 1.1755
4 5.00 0.00 185.00 0.00 155.00 0.00 170.00 0.00 0.576292
4 100.00 0.00 145.00 0.00 135.00 0.00 140.00 0.00 3.20729
4 105.00 0.00 150.00 0.00 130.00 0.00 135.00 0.00 0.35066
4 122.50 0.00 145.00 0.00 125.00 0.00 127.50 0.00 23.7774
4 117.50 0.00 140.00 0.00 130.00 0.00 132.50 0.00 1.68881
4 115.00 0.00 160.00 0.00 120.00 0.00 125.00 0.00 3.27966
4 102.50 0.00 147.50 0.00 132.50 0.00 137.50 0.00 0.644159
4 110.00 0.00 155.00 0.00 125.00 0.00 130.00 0.00 0.357542
4 120.00 0.00 142.50 0.00 127.50 0.00 130.00 0.00 1.53418
4 70.00 0.00 160.00 0.00 140.00 0.00 150.00 0.00 0.848894
4 25.00 0.00 190.00 0.00 145.00 0.00 160.00 0.00 0.314193
4 75.00 0.00 165.00 0.00 135.00 0.00 145.00 0.00 0.392109
4 95.00 0.00 185.00 0.00 115.00 0.00 125.00 0.00 0.411906
4 80.00 0.00 170.00 0.00 130.00 0.00 140.00 0.00 0.292636
4 115.00 0.00 137.50 0.00 132.50 0.00 135.00 0.00 7.03879
4 40.00 0.00 175.00 0.00 145.00 0.00 160.00 0.00 0.641834
4 55.00 0.00 190.00 0.00 130.00 0.00 145.00 0.00 0.269325
4 90.00 0.00 180.00 0.00 120.00 0.00 130.00 0.00 0.318752
4 100.00 0.00 190.00 0.00 110.00 0.00 120.00 0.00 0.648874
4 85.00 0.00 175.00 0.00 125.00 0.00 135.00 0.00 0.229018
4 112.50 0.00 157.50 0.00 122.50 0.00 127.50 0.00 0.733599
4 107.50 0.00 152.50 0.00 127.50 0.00 132.50 0.00 0.307283
4 122.50 0.00 145.00 0.00 127.50 0.00 130.00 0.00 4.89221
4 30.00 0.00 180.00 0.00 150.00 0.00 165.00 0.00 0.639063
4 45.00 0.00 195.00 0.00 135.00 0.00 150.00 0.00 0.257913
4 117.50 0.00 140.00 0.00 132.50 0.00 135.00 0.00 2.26219
4 15.00 0.00 195.00 0.00 150.00 0.00 165.00 0.00 0.356113
4 120.00 0.00 142.50 0.00 130.00 0.00 132.50 0.00 1.31032
4 105.00 0.00 150.00 0.00 135.00 0.00 140.00 0.00 0.801729
4 115.00 0.00 160.00 0.00 125.00 0.00 130.00 0.00 0.622413
4 110.00 0.00 155.00 0.00 130.00 0.00 135.00 0.00 0.288613
4 125.00 0.00 147.50 0.00 127.50 0.00 130.00 0.00 14.7927
4 20.00 0.00 185.00 0.00 155.00 0.00 170.00 0.00 0.583942
4 5.00 0.00 200.00 0.00 155.00 0.00 170.00 0.00 0.331327
4 35.00 0.00 200.00 0.00 140.00 0.00 155.00 0.00 0.226922
4 102.50 0.00 147.50 0.00 137.50 0.00 142.50 0.00 1.4902
4 117.50 0.00 140.00 0.00 135.00 0.00 137.50 0.00 7.08098
4 50.00 0.00 185.00 0.00 140.00 0.00 155.00 0.00 0.305826
4 65.00 0.00 200.00 0.00 125.00 0.00 140.00 0.00 0.254149
4 122.50 0.00 145.00 0.00 130.00 0.00 132.50 0.00 2.42958
4 120.00 0.00 142.50 0.00 132.50 0.00 135.00 0.00 1.21813
4 107.50 0.00 152.50 0.00 132.50 0.00 137.50 0.00 0.369561
4 112.50 0.00 157.50 0.00 127.50 0.00 132.50 0.00 0.339348
4 102.50 0.00 192.50 0.00 112.50 0.00 122.50 0.00 0.750526
4 117.50 0.00 162.50 0.00 122.50 0.00 127.50 0.00 5.25029
4 122.50 0.00 145.00 0.00 132.50 0.00 135.00 0.00 1.15461
4 120.00 0.00 142.50 0.00 135.00 0.00 137.50 0.00 2.96609
4 40.00 0.00 190.00 0.00 145.00 0.00 160.00 0.00 0.327568
4 10.00 0.00 190.00 0.00 160.00 0.00 175.00 0.00 0.667532
4 125.00 0.00 147.50 0.00 130.00 0.00 132.50 0.00 5.62981
4 105.00 0.00 150.00 0.00 140.00 0.00 145.00 0.00 1.22471
4 122.50 0.00 145.00 0.00 135.00 0.00 137.50 0.00 1.6119
4 127.50 0.00 150.00 0.00 130.00 0.00 132.50 0.00 11.8836
4 115.00 0.00 160.00 0.00 130.00 0.00 135.00 0.00 0.326198
4 120.00 0.00 142.50 0.00 137.50 0.00 140.00 0.00 8.06761
4 125.00 0.00 147.50 0.00 132.50 0.00 135.00 0.00 1.97946
4 45.00 0.00 180.00 0.00 150.00 0.00 165.00 0.00 0.653005
4 110.00 0.00 155.00 0.00 135.00 0.00 140.00 0.00 0.508696
4 30.00 0.00 195.00 0.00 150.00 0.00 165.00 0.00 0.366703
4 95.00 0.00 185.00 0.00 125.00 0.00 135.00 0.00 0.238037
4 100.00 0.00 190.00 0.00 120.00 0.00 130.00 0.00 0.399679
4 120.00 0.00 165.00 0.00 125.00 0.00 130.00 0.00 4.93623
4 0.00 0.00 195.00 0.00 165.00 0.00 180.00 0.00 0.752402
4 105.00 0.00 195.00 0.00 115.00 0.00 125.00 0.00 0.836598
4 85.00 0.00 175.00 0.00 135.00 0.00 145.00 0.00 0.29485
4 60.00 0.00 195.00 0.00 135.00 0.00 150.00 0.00 0.277954
4 90.00 0.00 180.00 0.00 130.00 0.00 140.00 0.00 0.257766
4 80.00 0.00 170.00 0.00 140.00 0.00 150.00 0.00 0.342245
4 75.00 0.00 165.00 0.00 145.00 0.00 155.00 0.00 0.801725
4 112.50 0.00 157.50 0.00 132.50 0.00 137.50 0.00 0.317219
4 107.50 0.00 152.50 0.00 137.50 0.00 142.50 0.00 0.609105
4 117.50 0.00 162.50 0.00 127.50 0.00 132.50 0.00 0.736364
4 125.00 0.00 147.50 0.00 135.00 0.00 137.50 0.00 1.78562
4 50.00 0.00 200.00 0.00 140.00 0.00 155.00 0.00 0.240903
4 35.00 0.00 185.00 0.00 155.00 0.00 170.00 0.00 0.594905
4 127.50 0.00 150.00 0.00 132.50 0.00 135.00 0.00 3.4642
4 20.00 0.00 200.00 0.00 155.00 0.00 170.00 0.00 0.339205
4 122.50 0.00 145.00 0.00 137.50 0.00 140.00 0.00 2.62496
4 115.00 0.00 160.00 0.00 135.00 0.00 140.00 0.00 0.426614
4 122.50 0.00 145.00 0.00 140.00 0.00 142.50 0.00 3.78127
4 125.00 0.00 147.50 0.00 137.50 0.00 140.00 0.00 1.67513
4 127.50 0.00 150.00 0.00 135.00 0.00 137.50 0.00 2.68515
4 110.00 0.00 155.00 0.00 140.00 0.00 145.00 0.00 0.550138
4 120.00 0.00 165.00 0.00 130.00 0.00 135.00 0.00 0.935198
4 55.00 0.00 190.00 0.00 145.00 0.00 160.00 0.00 0.342984
4 25.00 0.00 190.00 0.00 160.00 0.00 175.00 0.00 0.674767
4 122.50 0.00 167.50 0.00 127.50 0.00 132.50 0.00 6.85928
4 117.50 0.00 162.50 0.00 132.50 0.00 137.50 0.00 0.384799
4 130.00 0.00 152.50 0.00 132.50 0.00 135.00 0.00 7.63345
4 107.50 0.00 152.50 0.00 142.50 0.00 147.50 0.00 1.29078
4 112.50 0.00 157.50 0.00 137.50 0.00 142.50 0.00 0.440916
4 107.50 0.00 197.50 0.00 117.50 0.00 127.50 0.00 0.882604
4 102.50 0.00 192.50 0.00 122.50 0.00 132.50 0.00 0.380585
4 127.50 0.00 150.00 0.00 137.50 0.00 140.00 0.00 2.05941
4 125.00 0.00 147.50 0.00 140.00 0.00 142.50 0.00 1.08151
4 15.00 0.00 195.00 0.00 165.00 0.00 180.00 0.00 0.759586
4 45.00 0.00 195.00 0.00 150.00 0.00 165.00 0.00 0.381689
4 130.00 0.00 152.50 0.00 135.00 0.00 137.50 0.00 4.74521
4 125.00 0.00 147.50 0.00 142.50 0.00 145.00 0.00 2.18927
4 125.00 0.00 170.00 0.00 130.00 0.00 135.00 0.00 7.33071
4 120.00 0.00 165.00 0.00 135.00 0.00 140.00 0.00 0.606227
4 127.50 0.00 150.00 0.00 140.00 0.00 142.50 0.00 0.969419
4 35.00 0.00 200.00 0.00 155.00 0.00 170.00 0.00 0.350845
4 115.00 0.00 160.00 0.00 140.00 0.00 145.00 0.00 0.363082
4 110.00 0.00 155.00 0.00 145.00 0.00 150.00 0.00 1.30756
4 95.00 0.00 185.00 0.00 135.00 0.00 145.00 0.00 0.267543
4 65.00 0.00 200.00 0.00 140.00 0.00 155.00 0.00 0.257289
4 105.00 0.00 195.00 0.00 125.00 0.00 135.00 0.00 0.312359
4 50.00 0.00 185.00 0.00 155.00 0.00 170.00 0.00 0.608486
4 90.00 0.00 180.00 0.00 140.00 0.00 150.00 0.00 0.244889
4 5.00 0.00 200.00 0.00 170.00 0.00 185.00 0.00 0.720364
4 100.00 0.00 190.00 0.00 130.00 0.00 140.00 0.00 0.269544
4 85.00 0.00 175.00 0.00 145.00 0.00 155.00 0.00 0.354866
4 110.00 0.00 200.00 0.00 120.00 0.00 130.00 0.00 0.921874
4 80.00 0.00 170.00 0.00 150.00 0.00 160.00 0.00 0.925374
4 130.00 0.00 152.50 0.00 137.50 0.00 140.00 0.00 3.08746
4 132.50 0.00 155.00 0.00 135.00 0.00 137.50 0.00 10.1988
4 122.50 0.00 167.50 0.00 132.50 0.00 137.50 0.00 1.48416
4 112.50 0.00 157.50 0.00 142.50 0.00 147.50 0.00 0.67991
4 117.50 0.00 162.50 0.00 137.50 0.00 142.50 0.00 0.386566
4 127.50 0.00 150.00 0.00 142.50 0.00 145.00 0.00 1.13637
4 40.00 0.00 190.00 0.00 160.00 0.00 175.00 0.00 0.687088
4 130.00 0.00 152.50 0.00 140.00 0.00 142.50 0.00 1.17617
4 132.50 0.00 155.00 0.00 137.50 0.00 140.00 0.00 5.51089
4 127.50 0.00 150.00 0.00 145.00 0.00 147.50 0.00 2.96559
4 115.00 0.00 160.00 0.00 145.00 0.00 150.00 0.00 0.597424
4 30.00 0.00 195.00 0.00 165.00 0.00 180.00 0.00 0.770138
4 60.00 0.00 195.00 0.00 150.00 0.00 165.00 0.00 0.398273
4 125.00 0.00 170.00 0.00 135.00 0.00 140.00 0.00 2.5029
4 120.00 0.00 165.00 0.00 140.00 0.00 145.00 0.00 0.326932
4 130.00 0.00 152.50 0.00 142.50 0.00 145.00 0.00 0.96545
4 122.50 0.00 167.50 0.00 137.50 0.00 142.50 0.00 0.796127
4 112.50 0.00 157.50 0.00 147.50 0.00 152.50 0.00 2.35112
4 127.50 0.00 172.50 0.00 132.50 0.00 137.50 0.00 5.82774
4 135.00 0.00 157.50 0.00 137.50 0.00 140.00 0.00 10.276
4 132.50 0.00 155.00 0.00 140.00 0.00 142.50 0.00 1.85198
4 117.50 0.00 162.50 0.00 142.50 0.00 147.50 0.00 0.411766
4 107.50 0.00 197.50 0.00 127.50 0.00 137.50 0.00 0.313688
4 102.50 0.00 192.50 0.00 132.50 0.00 142.50 0.00 0.266252
4 20.00 0.00 200.00 0.00 170.00 0.00 185.00 0.00 0.727903
4 50.00 0.00 200.00 0.00 155.00 0.00 170.00 0.00 0.364199
4 132.50 0.00 155.00 0.00 142.50 0.00 145.00 0.00 1.24924
4 130.00 0.00 152.50 0.00 145.00 0.00 147.50 0.00 1.11388
4 135.00 0.00 157.50 0.00 140.00 0.00 142.50 0.00 2.98238
4 125.00 0.00 170.00 0.00 140.00 0.00 145.00 0.00 0.723567
4 120.00 0.00 165.00 0.00 145.00 0.00 150.00 0.00 0.336171
4 115.00 0.00 160.00 0.00 150.00 0.00 155.00 0.00 1.9057
4 105.00 0.00 195.00 0.00 135.00 0.00 145.00 0.00 0.289832
4 95.00 0.00 185.00 0.00 145.00 0.00 155.00 0.00 0.255173
4 55.00 0.00 190.00 0.00 160.00 0.00 175.00