1.33493751169570e+02
8.34472256922319e+01
4.83978638324928e+01
5.57509984113224e+01
1.86737499267562e+02
1.94066089407198e+02
2.71521963148282e+02
8.05543413444667e+01
1.14448641399579e+02
6.00651323628339e+01
4.67776822558534e+01
5.87783246256964e+01
1.80671512685227e+02
4.55361059744378e+02
6.53814664431988e+01
2.24753230570341e+01
9.29345401855695e+01
1.08065597644082e+03
4.90530046333788e+02
5.03442812184696e+02
7.08239314292190e+02
2.63220157194382e+01
1.23985942579678e+02
3.97834743384303e+02
6.44967067207977e+02
5.55538112297550e+02
5.48635325450507e+02
5.41992094464022e+02
2.58381232114465e+01
9.35544586836800e+01
2.97414814283195e+02
5.06230287329485e+02
3.80983699601307e+02
3.68557195199767e+02
3.73907179582792e+02
8.21166164205396e+02
2.56154774774259e+01
7.92698042866004e+01
2.45759208694450e+02
4.23427250343033e+02
2.96182070791212e+02
2.78599673800303e+02
2.74573822802150e+02
5.26550957476630e+02
4.69923680461389e+02
2.55701554872062e+01
7.22264336880625e+01
2.23915593828674e+02
3.99885194211406e+02
2.83670125696506e+02
2.87602432189040e+02
3.22011698059323e+02
7.15017929571234e+02
7.10631628524376e+02
9.77751758312080e+02
2.54950805203096e+01
6.72542211926753e+01
2.04372163536341e+02
3.64395417163950e+02
2.53160927034202e+02
2.56690296473611e+02
2.91041411683938e+02
6.54893972185751e+02
6.63694561055185e+02
8.16464043790855e+02
6.41206527340284e+02
1.65071881818823e+02
9.16874216175010e+01
8.45146860868377e+01
2.07260262145263e+02
1.05985638487768e+02
1.24068024191885e+02
1.64201822466756e+02
9.90037383168681e+01
1.36915841088375e+02
4.63457931989972e+01
4.17052265451929e+01
7.86442155560523e+01
2.20729527905401e+02
6.27524378626544e+02
7.30040587598226e+01
2.39403234459053e+01
2.04708609338806e+02
8.74701893670748e+02
5.49208218716394e+02
5.37608333559277e+02
6.69976689318758e+02
1.59937334399711e+02
1.36993947390511e+02
2.48555646664929e+02
8.38166162430580e+01
6.87402660018594e+01
8.69687518191983e+01
9.94146712616222e+01
1.77651490655925e+02
5.83347990627464e+01
3.88610592248598e+01
4.53371220770532e+01
1.23703056501049e+02
3.25866907666468e+02
1.07655347968637e+03
4.09103249986495e+01
2.83937815049681e+01
3.75861717451418e+02
5.46937545782867e+02
6.33073942960449e+02
5.40322391196875e+02
8.83598827179575e+02
2.46526737621481e+01
2.24885596493541e+02
3.57285993765719e+02
4.59449249007040e+02
4.32911254439895e+02
3.77236220845805e+02
4.63013485649303e+02
2.41758717961409e+01
1.85031007805193e+02
2.94244232030380e+02
3.93901573902110e+02
3.38880694250674e+02
3.20648716007526e+02
4.11844369675369e+02
1.03392735938978e+03
2.38706420775772e+01
1.58137610227509e+02
2.46886237149244e+02
3.36196290713042e+02
2.72677395690275e+02
2.68871183468054e+02
3.42699843917642e+02
7.71530580416192e+02
5.31873627765300e+02
2.37777158841264e+01
1.47728321779547e+02
2.29405029967292e+02
3.18742280372461e+02
2.59888577787463e+02
2.73407898116793e+02
3.77906853107361e+02
9.59127178930228e+02
6.66781496679567e+02
7.00782732958830e+02
2.36729200541685e+01
1.37859778779596e+02
2.10384634928931e+02
2.93037807990851e+02
2.35736380070007e+02
2.54284039336626e+02
3.62254379958508e+02
9.66270144945481e+02
6.92753872809217e+02
6.88140667693020e+02
1.41037161898628e+03
2.88696404206173e+02
3.14210591124896e+02
7.84581438564151e+01
5.36547769806189e+01
5.52936528146646e+01
5.80694343857819e+01
1.15404671188163e+02
1.92168214609495e+02
4.33843284476934e+01
3.52666271823018e+01
6.36165908033527e+01
2.08156298819385e+02
9.15369250942789e+02
1.49506487496014e+03
3.40662818308327e+01
3.94014786939762e+01
5.79395541971967e+02
4.78064544375650e+02
5.95034594195428e+02
8.28826563253931e+02
1.26379864133868e+03
1.40196550032746e+02
2.94910078851280e+01
3.90746490529835e+01
4.09533996020992e+01
3.87124963424251e+01
5.49100766604130e+01
1.67120684608257e+02
2.86188048207452e+01
3.08618997203601e+01
3.75570364051342e+01
1.10834703228917e+02
4.38195951244133e+02
2.49803999005535e+03
2.25319715748246e+03
2.53298052402738e+01
5.85652001075767e+01
7.71557948638596e+02
4.47056982852980e+02
6.42130785934716e+02
9.05580487705703e+02
1.87996721615921e+03
2.84292108905786e+01
2.84284846852342e+02
3.70167598147112e+02
3.43425161949606e+02
3.96931447778836e+02
3.24374044758856e+02
5.10956562667720e+02
2.69603215883808e+01
2.42562661365356e+02
3.12514021053899e+02
2.84164003931326e+02
3.10095793511009e+02
2.66709365094660e+02
4.11554967029720e+02
6.90688873314612e+02
2.60448046702525e+01
2.16290962242139e+02
2.77810156996660e+02
2.56750142973293e+02
2.83419937657801e+02
2.72520819425890e+02
4.66431810026062e+02
8.22537721785139e+02
8.26008449776400e+02
2.56047764880510e+01
2.02889979680642e+02
2.56643369324756e+02
2.34865641234303e+02
2.56727412204892e+02
2.52933996346867e+02
4.43430099832030e+02
8.26402501374093e+02
7.33930641691689e+02
4.89506738177573e+02
1.51623075831171e+02
5.48393331485807e+01
4.49747427728121e+01
4.13974228719267e+01
4.98403981796401e+01
9.13016562841998e+01
4.87479222941921e+02
4.75850718172833e+01
3.20484797260037e+01
5.12025388499216e+01
1.87675672954160e+02
1.21098129678433e+03
2.69947793721510e+03
1.69666507780090e+03
5.32410780586728e+02
1.52792881756683e+02
8.07044815972396e+01
6.63875657404379e+01
8.34346286855348e+01
2.47346581871808e+02
5.27485444451789e+02
1.29187631912270e+02
5.32180407902068e+01
8.85060521802887e+01
3.65622917556293e+02
2.53855754498918e+03
2.43529247522819e+03
9.73037472189631e+02
4.57519626106251e+01
2.69100114043595e+02
4.46687834877487e+02
6.23054425427486e+02
6.32109487040660e+02
1.04489684462294e+03
2.14790812698279e+03
8.96893447142260e+01
2.55271639723932e+02
4.47096373122397e+02
3.42835183953269e+02
3.48688056563802e+02
3.66526308331649e+02
8.16279193408196e+02
8.31199218762798e+01
2.20187582995938e+02
3.80299164866916e+02
2.66222848498296e+02
2.61494142381770e+02
2.67257367342268e+02
5.20673577041115e+02
4.68909549544726e+02
7.99622931815813e+01
2.05132029272808e+02
3.59003889731671e+02
2.50391786045996e+02
2.63027007416241e+02
3.06108182798571e+02
6.94364610948507e+02
7.02418565346894e+02
9.73700006504020e+02
7.77311986094596e+01
1.92460203204781e+02
3.32122628799898e+02
2.24435501164189e+02
2.34279961148883e+02
2.75383998310063e+02
6.32365805482133e+02
6.53424013913788e+02
8.11007898634346e+02
6.40227511745992e+02
3.68937065965612e+02
1.65118971249056e+02
8.79488764996147e+01
9.17667222084227e+01
2.28998267699733e+02
5.54178887225598e+02
9.46392371415794e+02
1.40790072321507e+02
6.04189477268703e+01
1.33395226147818e+02
9.23549919567931e+02
2.18019821924832e+03
1.43968369885863e+03
9.04091876325842e+02
3.02236683985457e+02
1.32375511538466e+02
8.77672420426057e+01
1.47864830550814e+02
3.41457635082477e+02
6.41513830519524e+02
1.72729470535974e+03
1.15388752965686e+02
6.21350285210225e+01
2.06501019849827e+02
1.58231232870393e+03
1.44849113653921e+03
6.18668892995708e+02
6.77823705047966e+02
6.02874024590894e+01
5.86281771047581e+02
3.62531183305214e+02
6.25273603514966e+02
7.96008082242931e+02
1.63089882337904e+03
1.40020606985329e+03
1.67314252007663e+02
2.51682092111153e+02
3.53654647916584e+02
3.07955911017177e+02
3.06653875432010e+02
4.04803429893969e+02
1.02855196496421e+03
1.54682055309779e+02
2.19059400723367e+02
3.05355118892556e+02
2.45586993544125e+02
2.53404724835929e+02
3.32487961462367e+02
7.61061026801358e+02
5.29776672376287e+02
1.49875332182557e+02
2.07102666913023e+02
2.90298205088515e+02
2.31554905163207e+02
2.53448373841254e+02
3.60607355932374e+02
9.33692410166875e+02
6.59026023423007e+02
6.98736348113188e+02
1.45367836341959e+02
1.94656717306600e+02
2.70277060587894e+02
2.10058171258840e+02
2.34138510443831e+02
3.42230339467698e+02
9.31485483723400e+02
6.79977529738269e+02
6.83614965328452e+02
1.40735595909145e+03
1.79987214099125e+02
1.00565565674541e+02
9.05128824178172e+01
1.53708748162641e+02
2.82717047975412e+02
5.03547346308214e+02
1.49219099177799e+03
8.91103309266534e+01
7.31160820932518e+01
5.19325668706515e+02
1.38507337939753e+03
9.68702031721710e+02
6.22778037541431e+02
9.20860481240212e+02
1.07550565252276e+02
7.67088672244003e+01
9.33899678096849e+01
1.91906717992044e+02
3.33979481816741e+02
8.02227144151064e+02
5.70063414932869e+02
5.87842799399140e+01
1.04030661463741e+02
8.98251099499979e+02
8.91861736372651e+02
4.51578235870050e+02
5.56402788957889e+02
6.13370897337254e+02
1.32475957331550e+02
2.70534565454711e+02
4.55092980760618e+02
5.42296113792661e+02
7.23243153699636e+02
1.79988539563587e+03
1.20228573481212e+03
2.12900221053121e+02
2.58565011302717e+02
2.48019192282251e+02
2.80437433057839e+02
2.55355234214022e+02
4.04792072212368e+02
6.88310602897338e+02
2.00855130714162e+02
2.34609876772687e+02
2.22376423522150e+02
2.49442187140734e+02
2.53430106092546e+02
4.47936661071863e+02
8.09345418485755e+02
8.20583161465149e+02
1.94912025621533e+02
2.21243261552527e+02
2.05126695752891e+02
2.25365759143511e+02
2.33538933229977e+02
4.21873629760472e+02
8.07374284186171e+02
7.25525503637793e+02
4.88490138728737e+02
1.12982970573028e+02
7.35946148768079e+01
1.46051863359278e+02
3.06575598111927e+02
9.32531467491472e+02
1.07031350897440e+03
5.77013648070114e+02
5.27556996920335e+01
2.42729883240222e+02
7.10446096266979e+02
5.20424369316585e+02
3.61403400418690e+02
5.06989113686507e+02
2.36861181879865e+02
1.50753657757579e+02
1.26045987509776e+02
2.74725868305381e+02
1.10650781000150e+03
1.50733954755214e+03
1.28178269764700e+03
9.60675566823425e+02
8.29537697440457e+01
4.91406034403374e+02
5.08137670562234e+02
2.94195676244387e+02
3.89629336802388e+02
4.21234140774135e+02
1.93416298653106e+02
2.72044023915918e+02
1.97146898611173e+02
4.46387607237850e+02
5.44092385871934e+02
8.29955395143123e+02
9.76480606223431e+02
9.01855521637697e+02
1.36880086562832e+02
2.71779218560011e+02
2.04198542784575e+02
2.24730984852414e+02
2.50749762884404e+02
5.07954722602728e+02
4.66711123805347e+02
1.30486902773177e+02
2.55424310208134e+02
1.86120866400391e+02
2.15314000030902e+02
2.73952125765367e+02
6.53320935259622e+02
6.85867689056872e+02
9.65809448768268e+02
1.25863915665769e+02
2.40326278286888e+02
1.67628339944094e+02
1.90791829214113e+02
2.44016616916157e+02
5.88261748914724e+02
6.32916603606739e+02
8.00387243745228e+02
6.38392521434290e+02
4.01564644961612e+02
2.70318333514669e+02
1.12338974006531e+03
1.81896651875846e+03
1.82853406620302e+03
1.83661176052980e+03
1.14994421777769e+03
2.36994727243162e+02
4.84556113968559e+02
3.41467839029744e+02
2.84709566229757e+02
4.51054566141020e+02
2.34776236410529e+02
3.09367731914544e+02
3.77735349138483e+02
9.17046593686180e+02
1.30249648361728e+03
1.23290569164782e+03
1.44223926139246e+03
1.14804265291410e+03
6.22224474666790e+02
6.83807603114345e+02
3.65635536429639e+02
2.16396636648471e+02
3.43153518665413e+02
4.49772856995270e+02
2.17130867669329e+02
5.11255441278547e+02
1.98653774902375e+02
2.91557083688698e+02
3.82403609570095e+02
3.58892131369116e+02
7.39858748154895e+02
5.99158654889822e+02
5.27072932688790e+02
1.53934068102942e+02
2.30608948710369e+02
1.84186477696350e+02
2.14716191313676e+02
3.05957894354785e+02
7.33524831972365e+02
5.24357228541690e+02
1.50211234688509e+02
2.21220810674359e+02
1.70796713812729e+02
2.07323718280132e+02
3.19025894082722e+02
8.70991523201981e+02
6.39797649081041e+02
6.93754190276924e+02
1.46629660515583e+02
2.10810828898526e+02
1.55605067971138e+02
1.89141115854474e+02
2.96126565206285e+02
8.49053439217203e+02
6.49202435959984e+02
6.72744835305266e+02
1.40031397028149e+03
8.93775628945770e+02
1.05847352486478e+03
7.62125473015978e+02
8.95787333099785e+02
8.61081548787177e+02
6.52755032667391e+02
1.15519391546939e+03
6.82827853074415e+02
2.63691056488693e+02
2.52261188102844e+02
4.90230568240201e+02
3.53414302010285e+02
5.20710081785504e+02
1.09255231504493e+03
3.24263670069100e+02
5.05514290011685e+02
4.98737394832186e+02
5.01753519916537e+02
4.55566788117271e+02
9.12918514561305e+02
1.05222765088056e+03
3.72769897804542e+02
2.09541820443706e+02
3.80547274766429e+02
5.82372934906148e+02
3.51379152180155e+02
6.51908831466622e+02
1.01076807404435e+03
2.20247940349928e+02
4.69118850908396e+02
4.44196255420800e+02
4.23844780044607e+02
5.10904183549379e+02
5.31645635108052e+02
5.92029698570027e+02
3.33673126496750e+02
2.44447056011793e+02
2.26545862259162e+02
2.37668614128015e+02
4.20461956896327e+02
7.88790032860107e+02
8.10462276948415e+02
3.30292930167069e+02
2.36411356872363e+02
2.10580082752768e+02
2.21067581100147e+02
3.92235455469710e+02
7.78618370389610e+02
7.10662234433048e+02
4.86644056581145e+02
3.89326388271887e+02
5.56834885453835e+02
4.53784451224571e+02
3.93679548005400e+02
6.71415336668541e+02
6.65849965039099e+02
9.40674049888333e+02
4.49421417890118e+02
4.17020801816082e+02
7.27764143267627e+02
5.14038273043827e+02
6.87689328586976e+02
8.17320521814005e+02
6.24753550451582e+02
1.47557368802342e+03
7.56105779695129e+02
5.59981559858376e+02
9.08427291859450e+02
8.32238560627441e+02
1.18259493579624e+03
7.18203257126921e+02
6.60596941546317e+02
9.26364492156331e+02
1.10625625949999e+03
5.78810849928224e+02
7.06217096466761e+02
7.37452003262244e+02
5.68866376663722e+02
1.09284989339435e+03
9.52857865574674e+02
4.52079419289970e+02
6.19534902418693e+02
4.98291194300221e+02
4.57602750274371e+02
8.24917509982866e+02
1.19054806318778e+03
4.28301012863727e+02
3.44675429244954e+02
3.56923279696865e+02
6.83874266136223e+02
7.03885236178582e+02
9.67687687020809e+02
1.18855299444619e+03
4.21712217980971e+02
3.33004717808842e+02
3.40449566478067e+02
6.31396488979490e+02
6.59552359355401e+02
8.06779869874929e+02
6.37616134163407e+02
9.07030740897651e+02
7.11167347803757e+02
1.12776331261691e+03
9.42209922162089e+02
1.21289232179046e+03
6.70198646926555e+02
3.31373314572724e+02
8.86187622289020e+02
1.44571020847663e+03
9.40358958231445e+02
1.14283423607622e+03
8.10251011891061e+02
6.26133504711706e+02
1.07738720945536e+03
7.70906207029903e+02
1.31672996948603e+03
1.08872587707296e+03
1.30107987049404e+03
6.34194970783235e+02
2.38256911251604e+02
2.18438437460608e+02
1.48753040139826e+03
1.82782327731001e+03
9.36466186818589e+02
1.06581089227443e+03
8.57260533522621e+02
8.59309931289870e+02
1.65386718269476e+03
1.80352999744807e+03
1.05718341755464e+03
5.35865048557528e+02
4.58831064969522e+02
4.21277536136425e+02
3.78630570933793e+02
4.76537192656496e+02
1.19647500312121e+03
4.98073958941735e+02
4.29784850746373e+02
4.55948953758769e+02
9.78014241762596e+02
6.68074143961001e+02
6.98993553226791e+02
1.19898065607882e+03
4.96808226930674e+02
4.31628820084806e+02
4.58136661464958e+02
9.89028153577452e+02
6.91679814912147e+02
6.84680394809946e+02
1.39822504152823e+03
1.20491266515823e+03
1.20877035023781e+03
1.58278245512403e+03
8.08409064728352e+02
2.82116716469672e+02
2.75368669032743e+02
6.77919657344098e+02
1.72129535042324e+03
1.29314526765645e+03
1.65777548528486e+03
9.07234640519663e+02
7.06716999732724e+02
1.59591026466088e+03
1.41357432868804e+03
1.58066715696158e+03
6.26385425336482e+02
6.02388487704096e+02
4.46045556571256e+02
4.01939882200873e+02
4.11325129337474e+02
5.31832622524945e+02
7.30499163815072e+02
1.35374468050073e+03
8.76051388008276e+02
3.51294735600595e+02
3.52399490022560e+02
5.08657833750503e+02
4.25803743418431e+02
1.39913023971467e+03
8.91833510078640e+02
1.21108736026546e+03
8.21595495600877e+02
9.31822727645575e+02
2.53136681821561e+03
1.32589541002884e+03
1.02236513278790e+03
4.86240213579083e+02
5.63693365996696e+02
4.28964859537213e+02
3.74291295362423e+02
5.37797122257899e+02
7.65311539813114e+02
7.27230239025619e+02
4.94477375880256e+02
4.34836917509266e+02
5.22561333838782e+02
8.93382398511942e+02
7.39365272079006e+02
4.89438481378087e+02
1.41374367613001e+03
1.12829546606450e+03
5.05007087528139e+02
6.21846219946585e+02
7.69762200641559e+02
5.35821539982026e+02
8.41059619047965e+02
1.08412601484875e+03
1.48824803964025e+03
7.72368488311773e+02
6.18316392356217e+02
1.58921266370376e+03
2.01254330325791e+03
1.23123369939486e+03
1.18983459699266e+03
4.42314372873293e+02
5.13811583255535e+02
4.52992410759179e+02
4.03839020279631e+02
6.39941274186445e+02
1.46773395370693e+03
1.18114737841223e+03
6.05390735706664e+02
9.12555867345696e+02
1.20791757129307e+03
6.51323445934506e+02
1.24628736904042e+03
9.21800688158483e+02
7.77085701635264e+02
1.15339159979578e+03
6.41233441006245e+02
7.21095333640490e+02
2.31357955928526e+03
1.63580685413970e+03
9.91249586704655e+02
8.36982027033288e+02
4.52222874739658e+02
4.45988640271696e+02
4.82755461083518e+02
4.37434997951238e+02
6.22508472117557e+02
1.82337787778902e+03
4.72349109012281e+02
4.50164697037765e+02
4.87405353391430e+02
7.22333810692357e+02
7.25235126277243e+02
8.28641781239208e+02
6.37476168976927e+02
7.48278338169894e+02
1.12127878052462e+03
1.50324493444298e+03
6.41535427677676e+02
1.04669538592673e+03
8.34740508625608e+02
7.31560780369145e+02
1.39699059297466e+03
6.82256745031611e+02
4.87830487735190e+02
1.16627000435811e+03
1.73944628100404e+03
1.44453360235851e+03
9.02345821570270e+02
8.70264556594603e+02
1.27747373783720e+03
5.38379751867979e+02
7.34931301669763e+02
6.06106037486241e+02
5.54869555767697e+02
5.59274768277029e+02
9.49660148415839e+02
4.74098085884543e+02
4.93238884832727e+02
1.56461471938450e+03
1.31866141901905e+03
1.12039569576004e+03
8.96756818002646e+02
3.94917361738125e+02
5.49006189258228e+02
4.76119853774525e+02
4.63665260140942e+02
5.61733764462097e+02
7.23403587409658e+02
1.10756784302248e+03
4.24281184726640e+02
5.17996039055082e+02
5.82987022431072e+02
1.08626960995473e+03
7.29367949946525e+02
6.96880586780334e+02
1.39047221643979e+03
5.47207047874022e+02
3.10574086036077e+02
4.05725080353514e+02
3.85240097684670e+02
4.19136147373427e+02
5.69798339002866e+02
7.25438553264947e+02
3.04988653516829e+02
2.61899245784657e+02
6.43365477312954e+02
1.07511043951012e+03
1.14523960991008e+03
9.96944795740573e+02
9.04668694407104e+02
2.57876490026420e+02
3.21371028955888e+02
3.02558665183636e+02
3.84050732840707e+02
7.04975216384601e+02
1.23791331215855e+03
9.32024369142716e+02
2.56170041103282e+02
2.94045089637002e+02
9.31179802122317e+02
8.88360284622509e+02
9.84684912998787e+02
1.07577258800425e+03
9.67943684586255e+02
2.94656793520655e+02
3.91054355555092e+02
5.04543097471026e+02
4.44906506846463e+02
5.11832257417590e+02
1.07388323573962e+03
4.90257264928109e+02
6.69067002244651e+02
3.60312338441573e+02
3.71836380223103e+02
7.43528225874298e+02
1.53828272473330e+03
1.42573239446277e+03
7.33793943982973e+02
2.99402030577812e+02
5.21012610903919e+02
7.59303619652631e+02
8.58314616998874e+02
8.96794553256914e+02
1.03867745744284e+03
9.63365097829954e+02
5.66940179569572e+02
4.31270403975856e+02
7.23728428457552e+02
1.53675147556619e+03
1.64341768824124e+03
1.03716288421261e+03
7.19083899579459e+02
4.16752049116070e+02
7.51603016855635e+02
6.00459206792897e+02
6.93546986698057e+02
8.45375693478648e+02
8.73492768623046e+02
7.64658207309738e+02
5.09609313099502e+02
4.61965884127168e+02
5.03370413370992e+02
5.54858003935808e+02
6.23006771153122e+02
6.41633423298546e+02
6.17876690292463e+02
7.03729853023323e+02
9.64496803772465e+02
1.63132047038445e+03
1.74769998616316e+03
1.24676966589728e+03
1.13473364404301e+03
7.31340234485148e+02
9.17759942063580e+02
7.45121058994912e+02
6.58193436314701e+02
6.67225762175890e+02
8.00184360193392e+02
7.54470604460906e+02
9.06494226242499e+02
9.62897590202587e+02
1.44379187618870e+03
1.48700410217352e+03
1.13860360239730e+03
1.25039450364195e+03
1.04064034499199e+03
5.93289129323172e+02
1.06871072729110e+03
5.80079452383980e+02
5.93509882797239e+02
6.79701514393368e+02
6.65418017988887e+02
5.29761896943928e+02
8.78653533601209e+02
5.38604052480382e+02
6.69265380144116e+02
5.89838832194470e+02
5.93848072719573e+02
1.20059497179939e+03
4.55305392024532e+02
1.01675746859357e+03
9.61505665153011e+02
9.60218904197266e+02
7.71382947418050e+02
1.02645647431483e+03
1.09669931031175e+03
7.95413074651755e+02
7.08303077668394e+02
6.54824011437264e+02
5.55227137506931e+02
5.76590729655403e+02
6.89569628543855e+02
5.74368678789971e+02
5.10545558113981e+02
7.80998921229023e+02
6.51117060875189e+02
5.66383480998114e+02
8.17519646565025e+02
1.01193411111643e+03
8.75729279670398e+02
8.72424155632155e+02
7.76832670007798e+02
5.00091617506979e+02
6.39613836352229e+02
7.95841890605006e+02
8.02689408477476e+02
5.78524035974046e+02
7.23261620105111e+02
1.13402072379295e+03
6.91538920797395e+02
8.65856549135222e+02
8.68820098176239e+02
7.83952481625481e+02
9.07394196892247e+02
6.98890312057693e+02
1.21656290223322e+03
6.20790085341279e+02
8.26025387158726e+02
1.03212896465937e+03
9.47313477687424e+02
1.02341211302891e+03
9.03689370414784e+02
8.06360741462726e+02
7.50949908814746e+02
8.66967226457324e+02
1.08353015513563e+03
8.94186247686444e+02
7.09658889085462e+02
9.57730678036799e+02
1.35149488588150e+03
7.80307044080439e+02
1.04980475881513e+03
1.03998945578497e+03
1.21351865256402e+03
1.14467640895611e+03
9.74802577605878e+02
8.63873287374729e+02
9.63302799585859e+02
1.28372228002198e+03
1.30196643827561e+03
8.58837826897437e+02
8.52772261078767e+02
1.04068841447615e+03
1.00389411179042e+03
1.45928997153551e+03
1.32844188724674e+03
9.72182007522174e+02
1.54537266973533e+03
6.16305970189813e+02
1.09150338874035e+03
8.66823763044100e+02
7.44009867353123e+02
9.17854759088275e+02
1.25510234670793e+03
1.35481061380752e+03
1.25752291462915e+03
1.05081052623192e+03
9.91896659057903e+02
9.71176865325740e+02
1.44789327660892e+03
1.22655453990004e+03
8.22276307842537e+02
7.82695524136969e+02
7.14066304255237e+02
5.72663459932045e+02
6.37279322170983e+02
1.07918105677003e+03
1.35812905442682e+03
1.42143068780812e+03
1.23639564532995e+03
1.07030293460279e+03
8.60313357483131e+02
1.14902276273984e+03
1.52971277222133e+03
1.12041683542718e+03
9.78793681908973e+02
8.37544957776919e+02
4.64315216666514e+02
7.75951900536579e+02
1.66733949929311e+03
1.71422840718064e+03
9.39202155236828e+02
1.03295926213661e+03
7.27098339584682e+02
8.44993981953891e+02
6.69539524689641e+02
7.09483410027166e+02
1.09990763207432e+03
1.35127468016333e+03
1.28524577887968e+03
1.10006200184776e+03
8.28535710171239e+02
1.17070918068564e+03
1.20748949189031e+03
1.44904375687339e+03
1.15941421657521e+03
1.06903498436232e+03
7.80429763133608e+02
5.27668403709049e+02
2.05263033859826e+03
6.57078371715633e+02
1.02631241718736e+03
1.16046353302992e+03
1.09004022888413e+03
8.47711698471947e+02
1.12056566998797e+03
1.51022979530178e+03
1.10844184272339e+03
1.22792365298531e+03
1.36496699277463e+03
1.16766904443795e+03
5.91069072883143e+02
1.01623249227977e+03
2.02753493098883e+03
1.49439237050853e+03
1.24388843841187e+03
1.43678276872290e+03
5.74892071842610e+02
9.74040409141262e+02
5.45720112882295e+02
6.40568667473428e+02
7.49686640906958e+02
9.62354301371545e+02
1.00512924010929e+03
8.13123106682874e+02
9.31696125787320e+02
1.04932809175410e+03
1.21474770280470e+03
1.05237522361871e+03
1.23265165627666e+03
1.44537331440276e+03
1.08450640423264e+03
6.64912134174480e+02
2.79010110908048e+03
1.82469628715005e+03
1.47285121601993e+03
1.02791630150285e+03
1.39002377249265e+03
5.62815729017734e+02
9.22786120618404e+02
4.57075380104333e+02
7.78281314335564e+02
7.85847830993840e+02
8.97500275277157e+02
8.35056046364996e+02
9.44869514730618e+02
9.37594621818386e+02
9.01416516978682e+02
1.22592807450866e+03
9.70735032793793e+02
1.45476719100096e+03
1.43839600222496e+03
7.06735526113638e+02
1.12993150711978e+03
2.28282392543640e+03
1.57714133842741e+03
1.60883343604958e+03
8.78372047219835e+02
9.84892705924811e+02
6.61822626950570e+02
7.62778797674542e+02
4.57135059156644e+02
1.30522082580186e+03
7.97736052516220e+02
8.28705666866620e+02
1.06415999026418e+03
1.16344135856418e+03
1.05674111406213e+03
1.36986883164286e+03
1.33207873823285e+03
9.90960426705278e+02
1.46975617239034e+03
1.18650941898536e+03
6.20672099914662e+02
2.40303477374445e+03
1.37380714323448e+03
1.21325970871391e+03
1.51921309685910e+03
9.60073166643912e+02
6.58251942509467e+02
8.71390667281401e+02
6.63734721891223e+02
5.71343625394396e+02
2.59043100208386e+03
8.09542281598373e+02
1.02883128276611e+03
1.26328538846212e+03
1.19551616429107e+03
1.52666971342231e+03
1.27274342798056e+03
2.09513480651126e+03
1.16820431386307e+03
1.37784684986856e+03
6.77435405364575e+02
9.32266140574765e+02
1.66945814254100e+03
9.40147942666063e+02
1.04233237590467e+03
1.17080502127233e+03
1.21036841227540e+03
5.53009816543976e+02
1.01160340210015e+03
5.97411093445226e+02
7.97860846578617e+02
3.75965435126949e+03
9.35377477261182e+02
1.14465389901455e+03
1.09951270903531e+03
1.32608807331289e+03
9.17321494143060e+02
9.78669673885293e+02
3.28911137815275e+03
1.19584408771021e+03
1.12570898756365e+03
5.19161076161794e+02
1.78850336646894e+03
7.85582010042082e+02
5.32619768562639e+02
6.99762992877674e+02
8.19539398496051e+02
8.88426665292244e+02
1.09247671416982e+03
6.82484268652204e+02
4.55840643607854e+02
6.11070024194175e+02
3.91121842942741e+02
1.01379070929144e+03
5.95881793989300e+02
7.38708000478126e+02
1.26936110210756e+03
5.43225358517891e+02
4.48995986691970e+02
9.27452864649172e+02
9.53664941805544e+02
1.17063579287276e+03
7.29363837283169e+02
4.12032749030901e+02
5.30180515953128e+02
1.02019096316695e+03
1.74038059159924e+03
1.05519364189725e+03
4.62717586880379e+02
1.48975171267895e+03
6.30887246814536e+02
3.99372607587393e+02
5.11297639865682e+02
1.36798099834150e+03
1.30725309017171e+03
9.03050414466467e+02
4.81579529079488e+02
5.71092768242958e+02
1.21154649355812e+03
2.55964961562370e+03
1.25682533200107e+03
7.81447139351845e+02
7.19309297363388e+02
1.20044350011702e+03
4.63162556107586e+02
3.94219535015799e+02
9.09093986703610e+02
1.42377808451377e+03
1.06992940731901e+03
6.16784496956371e+02
6.41235265860882e+02
1.38769669875878e+03
2.77073327072559e+03
1.48503661591423e+03
1.33861878371490e+03
6.28784418488759e+02
1.52308185346189e+03
6.44644117293165e+02
3.87207553103363e+02
5.06326307765458e+02
1.14862014719315e+03
1.53971779858904e+03
9.84214287237665e+02
8.45013192478228e+02
1.62779242296652e+03
2.79850001641584e+03
1.49459155834887e+03
1.54916397978945e+03
1.42694264884437e+03
9.98167960389425e+02
1.39375947405777e+03
5.16289589815742e+02
4.27349720617314e+02
8.82299550223536e+02
1.01282239306549e+03
1.51142880680197e+03
1.16379318559436e+03
1.76621089494551e+03
2.35646777398172e+03
1.17774422947743e+03
1.18597955287014e+03
1.33674249559685e+03
1.28142163844931e+03
1.85322360439470e+03
7.28507412854530e+02
4.52314920668211e+02
5.98725917148720e+02
1.12595996135012e+03
1.13055212215068e+03
1.59645987320263e+03
2.29095751916960e+03
2.01049688985445e+03
8.37686167824224e+02
7.82430661340703e+02
9.54554365013417e+02
1.07031853192128e+03
1.70293789291580e+03
1.31077812207208e+03
4.78897589984462e+02
4.57518036797490e+02
9.72474843722745e+02
8.99135017366267e+02
1.10245568359176e+03
1.49193370575618e+03
9.02260820916589e+02
6.15208525014405e+02
5.56927281702013e+02
6.50547090638280e+02
7.24226326421589e+02
1.10423192816514e+03
4.86893255163175e+03
5.41145623831791e+02
4.24690111039961e+02
6.17465995197368e+02
1.12376647731744e+03
8.38632152112308e+02
9.35564257394052e+02
1.21857397582728e+03
2.45836096073271e+03
8.59775634592309e+02
6.24117543735450e+02
5.25542970135610e+02
5.64211387124050e+02
8.35677116862137e+02
2.20707790211692e+02
7.89272009104723e+02
6.11727624839209e+02
1.17493134173815e+03
9.20293959168965e+02
7.82475210338634e+02
7.65287424147972e+02
1.06916548162685e+03
2.47569161650238e+03
1.12621762727194e+03
7.45445521189588e+02
6.70971728992906e+02
7.70662130190395e+02
1.23241827930435e+03
1.24956802927570e+03
1.17361890207684e+03
1.20609500928263e+03
1.74115260706343e+03
9.39567794293782e+02
7.18899705684818e+02
7.09037350371624e+02
1.46333744321412e+03
1.41439683131431e+03
1.02029386143501e+03
9.19009686254526e+02
9.48095770338600e+02
1.45652721035896e+03
1.46486938777075e+03
1.00619744415994e+03
1.29264996843849e+03
1.97160302564146e+03
1.27574723791689e+03
8.15498661626810e+02
5.92510039179615e+02
6.58911437115327e+02
1.95874708972691e+03
1.27749032554989e+03
1.39382485913473e+03
1.44161533619130e+03
1.95659701668889e+03
1.54686615122535e+03
1.42711869868965e+03
1.65335273961618e+03
1.77294076534912e+03
2.35324705409205e+03
9.96360113045032e+02
6.27229541822556e+02
4.71911601321249e+02
6.49583856002090e+02
9.41037117513608e+02
1.40290349392534e+03
1.74540217769131e+03
2.45238471107463e+03
1.57540638923869e+03
1.19230030416003e+03
1.58572879631353e+03
1.56242219781633e+03
2.19931732022675e+03
1.42922537858621e+03
7.77842085307446e+02
4.90754202521931e+02
4.33092388661309e+02
7.38640101336684e+02
7.80623388507399e+02
1.23493167346086e+03
2.12607691887685e+03
1.35247470078958e+03
9.17241812990315e+02
1.12471701309409e+03
1.32778488818767e+03
1.47653372917477e+03
1.82117229843694e+03
7.99838924356580e+02
5.39305404741600e+02
3.96411298624270e+02
5.31753777067739e+02
9.17288213904276e+02
2.65839347495933e+03
1.06872945643001e+03
1.05931048769594e+03
7.47908843451299e+02
8.18724151044861e+02
9.69957944978061e+02
1.36494372685418e+03
1.44318257068069e+03
9.25348743817174e+02
6.17190746945757e+02
4.46858307990920e+02
3.97816291325695e+02
8.01487444857931e+02
1.75616825276935e+03
3.05051234083802e+03
2.49893055350669e+02
8.28841644661258e+02
7.62129723008447e+02
7.73890841882632e+02
9.91322968881019e+02
1.31068670675561e+03
1.45390562875562e+03
7.85389089780177e+02
5.68223918975404e+02
4.20228725861017e+02
5.74624269130224e+02
1.29697691284980e+03
4.01350163193788e+03
2.59750591695253e+03
5.68864499846446e+03
1.39900512212026e+03
9.52177250661409e+02
8.34732022154692e+02
9.40096590058515e+02
1.16182437601901e+03
1.70517021440627e+03
1.23114212634977e+03
6.16921334362084e+02
4.59573944933519e+02
9.43337519999125e+02
2.74683402579100e+03
3.94441740079791e+03
2.62245050351190e+03
2.71095342569215e+03
1.53273525614616e+03
1.00044972893770e+03
8.03294423031476e+02
7.87502711877572e+02
1.13704211574497e+03
1.93397981192523e+03
2.11620143209409e+03
1.39022663199189e+03
9.70510450743828e+02
7.46237434416000e+02
9.63930134701310e+02
1.68604663926308e+03
3.60760921611577e+03
2.01637914227371e+03
1.44135736438601e+03
8.83038885146477e+02
8.18385607723242e+02
1.18403920089324e+03
2.31145877209138e+03
1.13152905208034e+04
1.72468277493145e+03
1.16704659926537e+03
8.69814679045712e+02
8.58477676202511e+02
9.59364094119764e+02
9.39552174741410e+02
-5.29672827040010e+02
1.53836970729546e+03
1.29081079902046e+03
1.06431895574716e+03
9.20954069759900e+02
7.80770184330840e+02
8.33640109815405e+02
1.67559857455284e+03
1.48258512824485e+03
1.51398584406950e+03
1.17831404555263e+03
1.02749778127745e+03
1.68630731088163e+03
3.19462581676844e+03
2.44812708635960e+03
1.57412102242794e+03
1.44350328000571e+03
1.22204038209109e+03
2.29457407606228e+03
3.22413204487059e+03
2.55779650032035e+03
2.10750015560894e+03
1.50177264695484e+03
1.32975638542909e+03
2.47595582257662e+03
2.61589805346729e+03
2.28873717085060e+03
2.00641499419611e+03
2.25312482167789e+03
1.29063910634157e+03
2.25561332265250e+03
1.61540706655812e+03
1.69446540644111e+03
1.56248575491175e+03
1.98505905707752e+03
2.55352956742735e+03
