1.29963431169207e+02
8.24610038974295e+01
4.33631743307838e+01
6.80315123975769e+01
2.48935385551439e+02
1.99908325686348e+02
2.98373500004665e+02
7.86416368397080e+01
1.29185923052209e+02
6.07917188578659e+01
4.52304433444681e+01
5.91779291339815e+01
1.81880456800312e+02
3.43014637820551e+02
7.23735001677203e+01
2.17409391533894e+01
8.29644099196595e+01
1.15252177179184e+03
4.81492872494072e+02
5.06031948809875e+02
7.57034646058163e+02
2.69545465196078e+01
1.25457915288599e+02
3.94419712296940e+02
6.47114923160649e+02
5.59711826119057e+02
5.39161396945986e+02
5.15971770910643e+02
2.65229551733792e+01
9.46723716813796e+01
2.93930592048698e+02
5.07019262011628e+02
3.81629018407724e+02
3.61374168264835e+02
3.60249095585645e+02
7.95590415085974e+02
2.63487014884036e+01
8.07491314744860e+01
2.44294824335034e+02
4.27418830187466e+02
3.00136439407509e+02
2.78439807468881e+02
2.73327014457428e+02
5.31693006927984e+02
4.68468493087309e+02
2.62912862956581e+01
7.33262108337343e+01
2.21376758563103e+02
4.01528516762858e+02
2.84509516980103e+02
2.83599336716597e+02
3.15482906567008e+02
7.08959204292117e+02
6.92287842350159e+02
1.00242370401508e+03
2.62413373879215e+01
6.84613394522769e+01
2.02435677134652e+02
3.66957546596139e+02
2.55086625325032e+02
2.55024412778655e+02
2.88256374383093e+02
6.54879457039716e+02
6.56326984330626e+02
8.52767462766402e+02
6.17601725943326e+02
1.51076894705194e+02
8.33086333830001e+01
1.02612808278299e+02
2.35962949190094e+02
1.00596866820769e+02
1.25167955078221e+02
1.61369774889393e+02
9.73103151806482e+01
1.41011343044443e+02
4.35126488723388e+01
4.07454815534346e+01
8.19433732717902e+01
2.17458596889765e+02
6.53719954763690e+02
7.24507527443177e+01
2.33430913297979e+01
1.91347794889332e+02
9.21340376223454e+02
5.40539616810773e+02
5.47745086080313e+02
6.63605584099248e+02
1.50490684954298e+02
1.66545247344555e+02
2.60021406055803e+02
8.29024719246047e+01
6.68608289110485e+01
8.47778026552892e+01
8.98009211115935e+01
1.99816454784385e+02
5.91048085931772e+01
3.71064816917011e+01
4.57901446846797e+01
1.25991831128917e+02
2.88788027006489e+02
1.36636165128718e+03
4.07809395104591e+01
2.82109090132216e+01
3.80657851267373e+02
5.38081911217806e+02
6.33239063082354e+02
5.51156992300109e+02
8.72819317696249e+02
2.37114241907694e+01
2.31840180818521e+02
3.53136097456103e+02
4.72897064169599e+02
4.39196238861542e+02
3.86185245973034e+02
4.84557983287914e+02
2.31586958345369e+01
1.89194655058534e+02
2.87587009108498e+02
3.99913600116861e+02
3.34357398547356e+02
3.15582841890554e+02
4.01938024470292e+02
1.06375600599553e+03
2.29118093694580e+01
1.61814070476361e+02
2.41714974928567e+02
3.42735982507651e+02
2.70843125811959e+02
2.69139973428387e+02
3.43036264573149e+02
8.00744931699296e+02
5.29989720607360e+02
2.28634606540802e+01
1.51115824420659e+02
2.24645835740920e+02
3.25302392592995e+02
2.58725148082340e+02
2.75153266620517e+02
3.79620412794646e+02
9.88669157189320e+02
6.52312984996244e+02
6.96759089773932e+02
2.27426487331558e+01
1.40293203381346e+02
2.04496020590810e+02
2.96741585494731e+02
2.32126234614899e+02
2.53224919879568e+02
3.59636812923781e+02
9.80617757408202e+02
6.68659521143558e+02
6.91015693639846e+02
1.47635977520002e+03
3.62714022549015e+02
3.16099836596631e+02
8.11345422329513e+01
4.92032916651494e+01
5.33689802872166e+01
5.34787216969018e+01
1.05557721203232e+02
1.93939564583733e+02
3.90578243425857e+01
3.44653103522144e+01
6.54413610078699e+01
1.97201899284704e+02
8.62249212350721e+02
1.73232968481131e+03
3.07614713939119e+01
3.78173667721637e+01
6.03732529952225e+02
4.67788011261220e+02
5.84454857632862e+02
8.79819871539432e+02
1.28010650588131e+03
3.47303784002534e+02
6.41761613018838e+01
3.89372180428119e+01
4.17931078944191e+01
3.84043234228006e+01
5.53460307034781e+01
1.65045276688700e+02
5.17247568040523e+01
3.17081544665524e+01
3.82612411253980e+01
1.08291466882049e+02
3.70201041030372e+02
2.61534660957967e+03
2.38551531454700e+03
2.66644894846224e+01
5.36534415499391e+01
8.21753225377567e+02
4.35179271739307e+02
6.39913326117636e+02
9.30523444562650e+02
1.91877546402086e+03
2.82670054995749e+01
2.93354884001599e+02
3.72806700495596e+02
3.42828180069883e+02
3.99957439555704e+02
3.21292426743265e+02
5.03464496334814e+02
2.69820413947279e+01
2.51937352589135e+02
3.16125912841071e+02
2.85205150158670e+02
3.15233783787472e+02
2.67367322326952e+02
4.14541737873214e+02
7.33525205603838e+02
2.61440326317981e+01
2.24453676716947e+02
2.79603681720223e+02
2.55587920435850e+02
2.84540835533019e+02
2.68948612103632e+02
4.59358468282456e+02
8.26587683954859e+02
8.43550314572362e+02
2.57825454439902e+01
2.11365944464374e+02
2.59179303084706e+02
2.34957935655877e+02
2.59704986792715e+02
2.52201380581319e+02
4.41806840784436e+02
8.40840944019126e+02
7.59524438223448e+02
4.86830181639379e+02
-3.03096649527577e+00
4.50348160105231e+01
4.40432277221619e+01
4.06686034815608e+01
5.04750349401735e+01
8.95649640559888e+01
4.74994132570767e+02
4.03947142838071e+01
3.17558606208205e+01
5.18606209945034e+01
1.73610671871221e+02
1.12815245089372e+03
3.00337794190603e+03
1.72169716658011e+03
4.95412854228313e+01
9.51389802069621e+01
6.27386759301199e+01
5.96033506356681e+01
7.82429429765318e+01
2.40926812532283e+02
4.67958995922658e+02
8.14906958420991e+01
4.57247451200937e+01
8.39820272310376e+01
3.11293818146241e+02
2.68140390936824e+03
2.59144559803544e+03
9.13734083246289e+02
3.93719772532174e+01
2.67852761366024e+02
4.36223354276477e+02
6.21026767639519e+02
6.40996269216579e+02
1.02721821013560e+03
2.15642902490473e+03
8.63279738934026e+01
2.49279199214054e+02
4.45879363670832e+02
3.42700154379578e+02
3.41688821039577e+02
3.53122210011680e+02
7.90828161403897e+02
7.98962363309167e+01
2.15451420350609e+02
3.81391860947178e+02
2.68777669343435e+02
2.60950587252075e+02
2.65915235838503e+02
5.25631587602739e+02
4.67452323092383e+02
7.65238080711987e+01
1.99575596740089e+02
3.58098742475462e+02
2.50145558362844e+02
2.58958973605751e+02
2.99768093883473e+02
6.88251157397221e+02
6.84302310891263e+02
9.98287657755463e+02
7.43313794712181e+01
1.87261667735719e+02
3.31841446682682e+02
2.25022937327801e+02
2.32242439350686e+02
2.72528167057054e+02
6.32031119945451e+02
6.46156156639480e+02
8.47081713540634e+02
6.16650154330919e+02
2.82378542197866e+02
1.45476990588163e+02
8.30704542151412e+01
8.59512685737771e+01
2.20127112459866e+02
4.93262389069717e+02
7.15609726864294e+02
1.25854189955656e+02
5.96619338406028e+01
1.22594144608653e+02
8.57532099822047e+02
2.39942999725893e+03
1.42380000532840e+03
8.89035691552524e+02
2.69786694857210e+02
1.27536274534708e+02
8.28448709755928e+01
1.40352738570106e+02
3.00045426570271e+02
4.97850327981297e+02
2.06493317988213e+02
1.12186165332622e+02
6.11410923218941e+01
1.76580100274981e+02
1.67230137947169e+03
1.52563693784803e+03
5.73193738890860e+02
6.69965544719576e+02
5.57342545121888e+01
6.22069419314216e+02
3.51370507039678e+02
6.23969379340894e+02
8.18233771663368e+02
1.66618394540917e+03
1.38380663585830e+03
1.68777942965153e+02
2.44865686621161e+02
3.58773984099169e+02
3.03595395694083e+02
3.01868253813347e+02
3.95111186851233e+02
1.05822430904971e+03
1.55893034313287e+02
2.13204511754488e+02
3.10784591482167e+02
2.43527747808067e+02
2.53605412861300e+02
3.32797050321032e+02
7.89848218283901e+02
5.27838013021522e+02
1.50937496605354e+02
2.01494651462403e+02
2.95671616192163e+02
2.30018322127516e+02
2.54944759451535e+02
3.62195702710400e+02
9.62433709617727e+02
6.44581803479505e+02
6.94756009587002e+02
1.45984652221379e+02
1.88316627646321e+02
2.73494447725706e+02
2.06513059813077e+02
2.33148468411405e+02
3.39785833627374e+02
9.45414281171567e+02
6.56134616594022e+02
6.86536022705002e+02
1.47322631075058e+03
1.80845635419992e+02
1.01178160573796e+02
9.38985452646725e+01
1.52490959764359e+02
2.65315944861878e+02
3.49442322310023e+02
5.39559725183815e+02
9.00241978987443e+01
6.68276204095391e+01
4.79826086457732e+02
1.51715240903019e+03
9.37893473889603e+02
5.96027204336781e+02
8.69060249336288e+02
1.16281319050093e+02
8.29236025544787e+01
9.44522025001331e+01
1.85283324532326e+02
2.86726207636149e+02
8.85596867925034e+02
1.84745532609578e+03
6.22744953211855e+01
8.93402701099752e+01
9.62744870784899e+02
9.41952198264745e+02
4.19122373491605e+02
5.58721346259802e+02
6.02151722592732e+02
1.32989236431068e+02
2.64790385005295e+02
4.54645565109096e+02
5.48886200215323e+02
7.05116031466843e+02
1.78894934537799e+03
1.17601585422105e+03
2.22056791886343e+02
2.60957855978808e+02
2.48587344564837e+02
2.85063611028089e+02
2.55942536214162e+02
4.07703911981634e+02
7.30959521631191e+02
2.09473697681874e+02
2.35830140141291e+02
2.21239816836304e+02
2.50596314786492e+02
2.50170811569809e+02
4.41189459816064e+02
8.13353724015823e+02
8.37989927558331e+02
2.03669888827481e+02
2.22905695135801e+02
2.04910846953747e+02
2.28033009137485e+02
2.32835308340764e+02
4.20318498828280e+02
8.21450725107193e+02
7.50770911259231e+02
4.85810516369167e+02
1.25246913612700e+02
7.37843373323376e+01
1.37983951192770e+02
2.61026990732140e+02
9.67128676733484e+02
1.49020908751891e+03
1.14959405262263e+03
5.04935348601385e+01
2.30189680265117e+02
8.12991519263837e+02
5.22382452980136e+02
3.61201441027021e+02
5.20434266485913e+02
2.28123090386968e+02
1.51957973714260e+02
1.19331766992518e+02
2.30211265780252e+02
1.09026047884059e+03
1.74826716333516e+03
1.48652224203687e+03
1.13676294350380e+03
7.70195956094407e+01
5.38495684886026e+02
5.37773930362943e+02
2.74187387684354e+02
3.97091101238146e+02
4.27848198156870e+02
1.98395925276251e+02
2.96364422380756e+02
1.90141806896537e+02
4.46335139800746e+02
5.56611258747677e+02
8.33034908815374e+02
9.49948783336200e+02
8.82382158494868e+02
1.35175546718345e+02
2.75547636407017e+02
2.06693614402711e+02
2.24601026842901e+02
2.49718250291186e+02
5.12764793177623e+02
4.65302156006328e+02
1.28538422513559e+02
2.58267714630190e+02
1.86767446724365e+02
2.12581771865182e+02
2.68770277133496e+02
6.47609409807243e+02
6.68425917271320e+02
9.90304486885959e+02
1.24050721325716e+02
2.43534127048691e+02
1.68838575497691e+02
1.89676826229183e+02
2.41947433983504e+02
5.87943552141727e+02
6.26162867357318e+02
8.36141846596012e+02
6.14877290401414e+02
4.07897015411313e+02
2.40485563432505e+02
1.08693111864574e+03
2.03663559169029e+03
1.97830943548639e+03
1.90878837371346e+03
1.13956656460825e+03
2.33387181389479e+02
5.58452720418745e+02
3.37915199796630e+02
2.80939031409315e+02
4.57404989466093e+02
2.32813974375422e+02
3.94173554410319e+02
4.09121725218637e+02
9.57579462873997e+02
1.52405396298008e+03
1.34617571403121e+03
1.50966289557190e+03
1.13793842412770e+03
5.74759251461659e+02
7.75085225691430e+02
3.78173362276037e+02
1.99832819013337e+02
3.50642414453465e+02
4.56080394483253e+02
2.22134280973072e+02
5.96621096306949e+02
1.93825849597865e+02
2.95408232197141e+02
3.90392555228912e+02
3.52848108100683e+02
7.47566855610267e+02
5.95713363969457e+02
5.07976160749934e+02
1.49776405270694e+02
2.37160529760607e+02
1.82776558442335e+02
2.15369474100921e+02
3.06521118004044e+02
7.61447853462186e+02
5.22327382153879e+02
1.46132947142104e+02
2.27779983520464e+02
1.69756265439483e+02
2.09027443383515e+02
3.20783868544269e+02
8.98195971404857e+02
6.25532693186364e+02
6.89901777385350e+02
1.42359952954835e+02
2.16388430892035e+02
1.53393251799603e+02
1.89074148375981e+02
2.94589675426219e+02
8.62496239703773e+02
6.26132787278713e+02
6.75829567674790e+02
1.46591645509452e+03
1.12495954741082e+03
1.38463133357956e+03
8.30977483121757e+02
9.20681081981513e+02
8.37611606821426e+02
5.99910535140640e+02
1.18519741878872e+03
8.87384731164084e+02
2.54945433557261e+02
2.48776589560867e+02
4.90722837565777e+02
3.44195998807323e+02
5.55445553219158e+02
1.14407064104260e+03
2.32817804087682e+03
7.00106263347063e+02
5.22476911027894e+02
4.90809003829259e+02
4.20728357148246e+02
9.25256514260361e+02
1.01724343004892e+03
5.06835969189361e+02
2.08437913245685e+02
4.11721316448667e+02
6.01405247906326e+02
3.57156271042273e+02
6.80581775795781e+02
1.04624674452882e+03
2.33458042373694e+02
5.07914239502258e+02
4.74283844498174e+02
4.30756957665606e+02
5.03930095669742e+02
5.28542922979853e+02
5.62688772277697e+02
3.75613285471348e+02
2.60663570577867e+02
2.36335166228387e+02
2.40076695297200e+02
4.17377146675430e+02
7.94885150402026e+02
8.28085679290848e+02
3.72501734121493e+02
2.53373129005392e+02
2.21683220088293e+02
2.25975941613807e+02
3.94395010820885e+02
7.94964025767142e+02
7.36049514615881e+02
4.84033980326972e+02
1.43139747842823e+03
5.03438761407468e+02
4.16745444334301e+02
3.69583487596016e+02
6.98051990758049e+02
6.55413079787931e+02
8.94655537434961e+02
4.01520039260828e+02
4.29494329134815e+02
7.55954026998029e+02
5.21977499963654e+02
7.58850816522321e+02
8.84767139019940e+02
6.21301363127684e+02
3.59790511409839e+02
5.08587924303536e+02
4.87342904203480e+02
9.11949775037672e+02
7.99123518227036e+02
1.11946434542510e+03
6.65464332549908e+02
4.78905201271189e+02
9.27908446074738e+02
1.09617154028418e+03
5.81440905764723e+02
7.38235891510274e+02
7.86187714620078e+02
5.83480916077078e+02
1.08807290165211e+03
9.58523878079346e+02
4.37892537864208e+02
6.21787819408894e+02
4.90964712477138e+02
4.39050644159508e+02
8.06262062335119e+02
1.18219373107990e+03
4.21229233946530e+02
3.37242279968716e+02
3.50868560448546e+02
6.78214855637718e+02
6.86600413082528e+02
9.92194521852902e+02
1.18029083550644e+03
4.14836577595035e+02
3.26487846920081e+02
3.36813378521705e+02
6.30537269576181e+02
6.52464116900964e+02
8.42327313608065e+02
6.14113785846151e+02
3.85005281187022e+02
5.89713339562932e+02
1.11375497715155e+03
9.01338074118431e+02
1.17184588882854e+03
6.55621300784642e+02
2.59846152723724e+02
7.89154269525727e+02
1.37249914785139e+03
9.05823734534891e+02
1.21153437395612e+03
8.42086449147284e+02
6.02702404117667e+02
1.12779785038428e+03
6.09096811848298e+02
1.29458377523667e+03
1.03725673911834e+03
1.26594102260940e+03
6.38917338632756e+02
2.16889705103397e+02
2.51569674445036e+02
1.43941884596877e+03
1.75810503414018e+03
9.21364962358543e+02
1.07840448660548e+03
8.76970663104421e+02
8.34078034355175e+02
1.74959123869420e+03
1.73859071440237e+03
1.04669330388419e+03
5.23641876129069e+02
4.51024993226144e+02
4.27323015823082e+02
3.81889245550618e+02
4.98071051053560e+02
1.17431038459968e+03
4.76566280665961e+02
4.22255834060011e+02
4.52283791047121e+02
1.00208374191902e+03
6.51364643975819e+02
6.94983794862400e+02
1.17613996378772e+03
4.74063893713120e+02
4.22136781298048e+02
4.50838237197900e+02
9.99698526964609e+02
6.65309514539067e+02
6.87310190004660e+02
1.46343782554490e+03
1.19860594161878e+03
1.16010403650600e+03
1.54151409542198e+03
8.08212236680274e+02
2.60887645822603e+02
3.02011645751333e+02
8.82065937747718e+02
1.65328074104813e+03
1.26425307247593e+03
1.76869966531244e+03
9.19006560533564e+02
6.72213152443936e+02
1.64594930507023e+03
1.42653586704802e+03
1.57788442785258e+03
5.88813822971710e+02
6.06363883724868e+02
4.44178228958090e+02
4.05393922431037e+02
4.12144105669547e+02
4.92229610646819e+02
7.45017609503329e+02
1.36590294843474e+03
9.01191258077303e+02
3.40501748301125e+02
3.96458448799801e+02
6.45870984320332e+02
6.80662501354416e+02
1.42059404918372e+03
9.11759882576077e+02
1.24826873183017e+03
8.36507494438251e+02
8.98851455598655e+02
2.64550743270142e+03
1.30298944615296e+03
1.04907978298551e+03
4.76434814785734e+02
5.71803889233088e+02
4.28893354612128e+02
3.70430715511059e+02
5.42955467508692e+02
7.62219658930743e+02
7.31364030732001e+02
4.98413052622891e+02
4.35313656546588e+02
5.23241576710257e+02
9.08480334353126e+02
7.64022989558279e+02
4.86618968035333e+02
1.38017421453123e+03
1.13814866771748e+03
4.89499999015522e+02
6.78591541055701e+02
8.52547219832764e+02
6.14285531439365e+02
1.04030915465533e+03
1.08457591723418e+03
1.60421737190836e+03
7.65915816375052e+02
5.82328032929881e+02
1.62949485413998e+03
2.01089816398142e+03
1.22649889441683e+03
1.25114398139444e+03
4.26849480793195e+02
5.08674843828134e+02
4.47971292390226e+02
3.91333450443747e+02
6.38139373283298e+02
1.51280624949595e+03
1.21267775773704e+03
5.96515266571447e+02
9.91134676888792e+02
1.28991758956397e+03
6.43719852908414e+02
1.31042093392536e+03
9.30577961136011e+02
7.92726089917531e+02
1.18140142881223e+03
6.45388229529795e+02
6.92089585908996e+02
2.41911414452077e+03
1.60553518407020e+03
9.75785390751300e+02
8.49283534173754e+02
4.44015769547780e+02
4.35316100843575e+02
4.81713852262223e+02
4.24109593968344e+02
6.00808211492712e+02
1.87925939627169e+03
4.66469911296187e+02
4.43504135532533e+02
4.85749264788984e+02
7.23793016925650e+02
7.18979290759811e+02
8.64707458979114e+02
6.14023764684949e+02
7.69112712081618e+02
1.23157338236992e+03
1.62210409462724e+03
6.13960170859800e+02
1.10976538859757e+03
8.39474051317050e+02
6.83871088817684e+02
1.52865590410781e+03
6.62558605686145e+02
4.54179430269770e+02
1.19830611440924e+03
1.73643663008647e+03
1.43735444250641e+03
8.90920601559296e+02
9.71987565055301e+02
1.39202838166059e+03
5.04005574278286e+02
7.83856681283772e+02
6.17445404006035e+02
5.38306467787883e+02
5.83798742221031e+02
9.84373184000825e+02
4.71047336801895e+02
4.69886019430145e+02
1.64216284196074e+03
1.29526732835393e+03
1.10963653986886e+03
8.93179124226489e+02
3.82624672869921e+02
5.55676068792797e+02
4.73731806968201e+02
4.56654329235257e+02
5.59475459045873e+02
7.02772410298078e+02
1.08879356176960e+03
4.13993952909839e+02
5.18048627819684e+02
5.83228403840566e+02
1.10634484566127e+03
7.03574925422932e+02
7.00544908755329e+02
1.45515969278143e+03
6.84311571182960e+02
3.10503193753144e+02
4.40031097715289e+02
3.90431934933083e+02
4.04699571850538e+02
5.96625325365622e+02
8.97336687357054e+02
3.12004109568463e+02
2.45465839238084e+02
6.67143277577672e+02
1.07471811755378e+03
1.14131399679500e+03
9.90276110757041e+02
8.88458941411691e+02
2.31452286213661e+02
3.28282455495061e+02
2.90523035419754e+02
3.56115289542977e+02
7.04472975409907e+02
1.33988288253234e+03
1.01443813595634e+03
2.51323530228423e+02
2.76704542670400e+02
9.72733379014692e+02
8.60483940959766e+02
9.62606827995498e+02
1.05683269290479e+03
9.40664202447232e+02
2.87620796018741e+02
3.82956791583416e+02
5.08777511012143e+02
4.42424848906572e+02
5.15907084397395e+02
1.16374296952779e+03
4.90826621662297e+02
5.48610344188451e+02
2.94501151671091e+02
3.32283999810165e+02
7.37983843008233e+02
1.64027290769957e+03
1.50011331130537e+03
7.29685630509248e+02
2.40206159184554e+02
5.29879103650597e+02
7.44792394814571e+02
8.41075631110230e+02
8.74066440997886e+02
1.00105898671407e+03
9.17574479717097e+02
3.41000488166162e+02
3.57822609005960e+02
7.16782325456428e+02
1.63018131087102e+03
1.71611717532150e+03
1.01327332809161e+03
7.24667219814541e+02
3.58698359388328e+02
7.74406778460728e+02
5.75580146365862e+02
6.77892869045251e+02
8.32724102869508e+02
8.55689354667856e+02
6.94706115725969e+02
5.08908185690938e+02
4.57778033477825e+02
4.99515423271458e+02
5.63153570884927e+02
6.22568441470033e+02
6.65245164643919e+02
6.53886837550822e+02
5.33922666299610e+02
9.39389915874099e+02
1.68588067056237e+03
1.78165880866159e+03
1.19239030054449e+03
1.12232404555769e+03
7.28155024362491e+02
9.00663993477317e+02
7.04332972114592e+02
6.39125229779435e+02
6.50788509693588e+02
7.80327874360916e+02
7.36726984589141e+02
7.99821677609832e+02
9.46377093543411e+02
1.48500485973966e+03
1.49413188125203e+03
1.07623622493994e+03
1.23530114044828e+03
1.03672559725872e+03
5.73588975746560e+02
1.06746103140357e+03
5.37926496502073e+02
5.78661575776407e+02
6.75189093831777e+02
6.62065272823765e+02
5.03761770940071e+02
8.07561353030505e+02
5.04531060784122e+02
6.63899363741507e+02
5.79924758491523e+02
5.92145372156426e+02
1.25838157289097e+03
4.31483838157549e+02
1.12258912572633e+03
1.03436835401919e+03
9.69873570411918e+02
7.26560608217793e+02
1.01922066240918e+03
1.09575288299948e+03
7.75653217389005e+02
6.99986088921287e+02
6.39357934963434e+02
5.55027479628337e+02
5.75805774458026e+02
6.92176400267072e+02
5.78915015569746e+02
4.86590521569355e+02
7.58815361349570e+02
6.35596694937167e+02
5.17089707967301e+02
8.11034435662368e+02
1.01319589229010e+03
8.55481977167538e+02
8.70311165053961e+02
7.48346380646422e+02
4.66501167328570e+02
6.38725433495186e+02
8.03806463938381e+02
8.07500743391488e+02
5.59481099827348e+02
6.94121125256403e+02
1.11349529145197e+03
6.95121895708942e+02
8.69110631043711e+02
8.85367821595242e+02
7.76954425817532e+02
9.16207140691342e+02
6.82238911932003e+02
1.24439562869456e+03
4.94722736569881e+02
7.93645655223591e+02
1.01903789209682e+03
9.20384043328368e+02
1.02646643387894e+03
8.94024934054354e+02
7.87629461070193e+02
7.21537138779780e+02
8.44390817883132e+02
1.06775401937519e+03
8.78319356463475e+02
6.59658104462383e+02
8.99168013077598e+02
1.28675002301469e+03
7.17327234097890e+02
1.01602668932991e+03
9.94991309740241e+02
1.20466341317951e+03
1.12630331152257e+03
9.53948174492244e+02
8.55431101142053e+02
9.21229055043177e+02
1.25975468856348e+03
1.28199958693571e+03
8.20323198695165e+02
8.24505828681526e+02
1.03405011484729e+03
8.74900492079208e+02
1.43375993764274e+03
1.29450136677627e+03
9.66785084957937e+02
1.59823680235156e+03
5.76816146396192e+02
1.15131396315732e+03
8.54697778200427e+02
7.26118233144599e+02
8.84863747099311e+02
1.25080557203904e+03
1.33431907121995e+03
1.22758200842985e+03
1.03076190206055e+03
9.20084158125084e+02
9.50993334372662e+02
1.44322023167422e+03
1.22634114381622e+03
8.01980032922799e+02
8.00057579865203e+02
7.65869286044742e+02
4.76927696929328e+02
6.16085536344213e+02
1.08040877279815e+03
1.34500412302886e+03
1.39735684423642e+03
1.22088318701846e+03
1.01760692653680e+03
6.84597046033125e+02
1.15205278518955e+03
1.53685645766428e+03
1.09942844137671e+03
9.91511294307110e+02
8.84011628287158e+02
4.76917980413780e+02
1.00525813901515e+03
1.65902961156768e+03
1.74036803372433e+03
9.32497413251600e+02
1.04720655932740e+03
7.14623881052608e+02
8.72624131902338e+02
5.70194835920123e+02
7.12406492693172e+02
1.09610676920579e+03
1.34277339820991e+03
1.28682490842532e+03
1.07164521298140e+03
7.42885087599043e+02
9.88310529108170e+02
1.20759401435415e+03
1.45183262201150e+03
1.13625452370737e+03
1.09569912801790e+03
8.20121600652212e+02
4.59551074108548e+02
2.63101089058121e+03
6.68646632323211e+02
1.03195207024868e+03
1.17479389142082e+03
1.07372137099819e+03
7.85589002833965e+02
1.00558291621925e+03
1.20101220738970e+03
1.12246459302552e+03
1.20988307279001e+03
1.38284943246119e+03
1.20222826925709e+03
5.75051641361576e+02
1.02571468250985e+03
2.25723323610461e+03
1.49010863036978e+03
1.26502813398287e+03
1.49716317400500e+03
5.44207960432570e+02
1.04508582823002e+03
5.58399648950829e+02
6.26979631865375e+02
7.59838717583750e+02
9.79809689892655e+02
9.97102793028883e+02
7.75993736079472e+02
8.86142221168803e+02
9.81613138532924e+02
1.05969610383552e+03
1.06170680786022e+03
1.21051298219100e+03
1.47897401848288e+03
1.11077026429133e+03
5.72689671888019e+02
3.08725520226539e+03
1.84212687322440e+03
1.47230451278146e+03
1.02347009499586e+03
1.47546501646987e+03
5.40457783437820e+02
9.96091455447003e+02
4.49943219303047e+02
8.36075895310702e+02
8.18244786479278e+02
8.96219924547522e+02
8.10314969414757e+02
9.31426830913762e+02
9.39228001473999e+02
8.80483682809655e+02
1.30964091190684e+03
9.60842281835690e+02
1.47789813518475e+03
1.47825656500064e+03
6.84134115223657e+02
1.11262519358238e+03
2.40637096405093e+03
1.49746811640497e+03
1.64516260949240e+03
8.74031739158484e+02
1.00230029759743e+03
6.49638129686293e+02
7.97416315526068e+02
4.44137188809750e+02
1.71175443029182e+03
8.08833350725330e+02
8.14019998264773e+02
1.06020853620274e+03
1.17934901172672e+03
1.03145966399384e+03
1.37684268818297e+03
1.30473445234857e+03
9.86448448078982e+02
1.52221671193969e+03
1.22892016354456e+03
5.50990482754472e+02
2.70197204364066e+03
1.38485614121320e+03
1.01183759882522e+03
1.57833601209810e+03
9.80943417249755e+02
6.22737297480195e+02
9.17092866705657e+02
6.71210581203026e+02
5.25176056042248e+02
2.65378561569369e+03
8.04259452711418e+02
1.03404940765441e+03
1.29017577348383e+03
1.17220894806912e+03
1.52112983730655e+03
1.21010749263695e+03
1.63307484239648e+03
1.19786704759462e+03
1.42284312136113e+03
6.63324395222715e+02
9.26769032021730e+02
1.79791978657351e+03
8.92952538025302e+02
6.62710243991054e+02
1.19723947355894e+03
1.25543368789832e+03
5.18410755293511e+02
1.06739660807488e+03
5.88448812050515e+02
7.38434113689139e+02
3.72159433092223e+03
9.90926732401841e+02
1.20439891481274e+03
1.11443702904121e+03
1.37318081114227e+03
9.11787450554117e+02
8.20523682225737e+02
5.41203572210984e+02
1.25788598079722e+03
1.17471757674188e+03
4.73926630443671e+02
2.07106271673582e+03
8.23636722769398e+02
5.20136909289506e+02
7.13118584940090e+02
9.94631496615760e+02
9.58528234489057e+02
1.19045086431097e+03
7.24999294812868e+02
4.52336849871111e+02
4.77472442066887e+02
3.11800914612306e+03
1.10087862168503e+03
6.07929335320652e+02
7.51095953978026e+02
1.41544193947310e+03
5.50542976789734e+02
4.40937838339553e+02
1.61467566005702e+03
1.12606939008002e+03
1.33051467794093e+03
7.91607651000668e+02
4.08859364349596e+02
4.49443855739024e+02
1.55276630780775e+03
4.32956764099732e+03
1.18358681219045e+03
4.42378517177535e+02
1.74876593521890e+03
6.51241540564244e+02
3.87336264283953e+02
5.58259605167222e+02
2.02457570550629e+03
1.67768626673879e+03
9.98949371113573e+02
4.73806280081432e+02
4.99282786565719e+02
1.47540608813959e+03
3.30296689110579e+03
1.65486337902137e+03
8.44796186958608e+02
7.41968127252113e+02
1.33884246238040e+03
4.48189519273901e+02
3.75528354107701e+02
1.01510739177838e+03
1.72150223365796e+03
1.24407130090246e+03
6.16084155963991e+02
5.95090579652901e+02
1.59950135169809e+03
3.23718380822686e+03
1.60232489192789e+03
1.47196545962486e+03
6.26606563508072e+02
1.77831539753271e+03
6.40664241467546e+02
3.58801971894428e+02
5.21560137275507e+02
1.32074806278628e+03
1.86226133702242e+03
9.21563315821231e+02
8.08910254220214e+02
1.82746899391680e+03
3.16057819650976e+03
1.50890051132634e+03
1.54997297922462e+03
1.33591455009695e+03
1.02534786218078e+03
1.52473218010962e+03
4.78732595300872e+02
4.02123862655136e+02
9.28216212933735e+02
1.13649150492575e+03
1.64365191755306e+03
1.15795100050011e+03
1.96687029765183e+03
2.67520673214196e+03
1.16865959124240e+03
1.15846079380175e+03
1.23873134450051e+03
9.33461328896162e+02
2.08734543354966e+03
6.92212224467326e+02
4.08307982073165e+02
6.06042587788440e+02
1.23462798392159e+03
1.22382781772013e+03
1.66620978947708e+03
2.91302363481102e+03
2.49675398284183e+03
8.32588521656950e+02
7.57397733502328e+02
8.94704598158072e+02
8.42437612400736e+02
7.00287390010533e+02
1.54239217832240e+03
4.41511723562827e+02
4.38537502439437e+02
1.00572411874379e+03
9.89581314987464e+02
1.10639624817114e+03
1.47543311553134e+03
5.09791696199627e+03
7.21717964398664e+02
5.70552487894195e+02
6.24217184134830e+02
5.73348462421429e+02
6.76369566566438e+02
2.02315086699517e+02
6.14989131693941e+02
4.27026075219205e+02
6.67038196165696e+02
1.26661174280442e+03
8.77107033017059e+02
9.14475696243060e+02
1.08255895417331e+03
3.86311831073400e+02
6.42707316494602e+02
5.80996870140963e+02
4.94128355789058e+02
5.64191590320004e+02
8.64721468774905e+02
7.99499276598631e+03
6.03372670511975e+02
5.88349455187997e+02
1.21831858424055e+03
1.02036134394054e+03
7.74336778088037e+02
7.50455005725293e+02
9.34921977331782e+02
9.76040842246726e+02
8.94467673979296e+02
6.56077139470309e+02
6.67120277227278e+02
8.51746195700325e+02
2.39305545752971e+03
3.13854163927787e+03
9.34099927177770e+02
1.19013699562730e+03
1.83702965350888e+03
9.41437788113569e+02
6.88468684391770e+02
6.36119164193759e+02
9.81388085224160e+02
1.02439348378643e+03
8.87137433355051e+02
9.09635149569720e+02
1.01915846878523e+03
1.91483044877761e+03
2.14094117574910e+03
2.24273894029930e+03
1.16090118416882e+03
1.97457904705125e+03
1.34988840756926e+03
7.80555477348019e+02
5.68773478298212e+02
5.35509823958993e+02
7.53613143252823e+02
1.09641534669450e+03
1.36584150170292e+03
1.47616539998781e+03
2.06495635409277e+03
1.78752727541988e+03
1.71002990284454e+03
2.31974954440552e+03
1.75477481829012e+03
2.45349352964429e+03
9.72577472838881e+02
5.98148292535629e+02
4.57113153610408e+02
5.96729342907536e+02
1.09364878968575e+03
1.45279520437374e+03
1.84862242533235e+03
2.51543913209649e+03
1.84061928979963e+03
1.30082178403468e+03
1.90820749014603e+03
1.78651973878874e+03
2.28990193746406e+03
1.55741482724753e+03
7.37962608541923e+02
4.85810965255323e+02
4.18013043561018e+02
7.25638815834095e+02
3.35917063881928e+03
1.58536980308534e+03
2.38936538769722e+03
1.80480558585647e+03
9.35569979836112e+02
1.25369240637545e+03
1.37750931151882e+03
1.68825722171090e+03
2.20189659997973e+03
7.97855963925002e+02
5.12255103191981e+02
3.80967213607218e+02
4.99542934821798e+02
1.04078669001383e+03
3.25153206379404e+03
2.39364105386623e+03
1.88874218288525e+03
7.54041079052401e+02
8.61408028467429e+02
9.30770782057087e+02
1.44112198879165e+03
1.46329343868232e+03
1.44484783960401e+03
5.97375077031514e+02
4.43883296947032e+02
3.80993607392696e+02
7.70843001425181e+02
2.62959032292555e+03
2.95317799950387e+03
5.28329680715520e+03
8.39840707596337e+02
7.50561705190099e+02
6.92922602810907e+02
1.00694235730215e+03
1.27482468116639e+03
1.32091771331151e+03
7.85067570046443e+02
5.18039520102484e+02
3.97138477351898e+02
5.31522838575201e+02
1.32284414563866e+03
4.13557440258115e+03
2.62344185940023e+03
3.17530312727111e+02
8.41488304189325e+02
7.06888369971899e+02
8.00429401651398e+02
8.76290318006567e+02
1.00945928180309e+03
1.28792469028063e+03
7.66228255163119e+02
5.75599802139742e+02
4.31408685809786e+02
8.82812078708246e+02
3.15494152505278e+03
3.57382574276893e+03
2.45677726211547e+03
1.02523487558426e+03
9.72620606684165e+02
9.11480463701263e+02
7.39279421231130e+02
7.07195658872750e+02
9.87172199187668e+02
1.17655333524497e+03
8.71112797286001e+02
1.17081201581534e+03
8.51117818201359e+02
6.51661311249167e+02
8.15123202524733e+02
1.04722100427632e+03
7.50398796963974e+02
1.44950296795636e+03
1.18758192727203e+03
7.49270165761402e+02
6.77577346791011e+02
6.96746820271912e+02
8.05635409701908e+02
1.15563531860986e+02
1.44236778815900e+03
1.04145871894315e+03
8.30401706179179e+02
7.76821523892662e+02
9.34297032394551e+02
1.18382055690614e+03
2.44968026931542e+04
1.31620586773253e+03
1.20484827570699e+03
9.93739332049507e+02
9.48590592986570e+02
1.06224226178338e+03
5.39321784454527e+03
3.44018465484945e+03
1.41672230040999e+03
1.46877647383303e+03
1.23420905977430e+03
1.19636385574626e+03
3.99554944680714e+03
2.61937539679162e+03
3.50730191397219e+03
1.63472936132064e+03
1.60473855058326e+03
1.30631809357406e+03
3.56446592900055e+03
2.63200744698435e+03
2.76867867248366e+03
2.37315823914689e+03
1.96208202949752e+03
1.42672246162142e+03
3.04964607052262e+03
2.65131481496357e+03
2.31315100214500e+03
2.01799234318951e+03
2.17899659734548e+03
1.88738544489265e+03
2.97380572883424e+03
2.81161204960643e+03
1.72755341138735e+03
1.53161694765578e+03
1.84533368513278e+03
1.99553522635198e+03
