4.60668650671508e+02
5.87433405109086e+02
5.37966420089088e+02
5.45443738183068e+02
4.87449209345341e+02
4.92775177065669e+02
4.68172915637883e+02
4.41119382253290e+02
3.94550771250301e+02
4.09772437548389e+02
5.20412697830414e+02
5.15206298741653e+02
4.55281311143025e+02
4.65602972195634e+02
6.11059709626605e+02
6.24726772014466e+02
4.43621394588182e+02
5.22136934248802e+02
4.31607293027773e+02
3.75564341459656e+02
3.70700079186449e+02
4.77933015148287e+02
4.91905755767588e+02
4.25880936687555e+02
5.72593526121979e+02
4.89978339998094e+02
4.64458375657181e+02
5.75388940967721e+02
5.73323086315787e+02
4.85869084879720e+02
5.66064360271236e+02
4.81018104652895e+02
4.83480158038185e+02
4.63240743180099e+02
4.66639099501749e+02
3.95237061506855e+02
3.63499505608457e+02
4.33702110364475e+02
4.15865246145404e+02
3.38212863267789e+02
3.82941170576436e+02
3.38368009524060e+02
4.97450451709572e+02
4.50107664841453e+02
5.25743826184269e+02
4.91327317520862e+02
3.87768327645115e+02
4.29688197599299e+02
3.77950483063977e+02
5.20214501506752e+02
4.88677564298375e+02
5.33278421778139e+02
4.88205959230771e+02
4.09377092469249e+02
3.76716361183960e+02
4.48556935341905e+02
5.15208975133657e+02
4.71027177179847e+02
3.60861832802918e+02
3.86383087604651e+02
3.24641503387489e+02
4.18164040919399e+02
3.94832182457939e+02
5.83355881037539e+02
5.26832240141153e+02
3.96628863059248e+02
4.15623183006022e+02
3.36905274722374e+02
4.04027482960552e+02
3.42617119400360e+02
4.64844925029544e+02
4.46347937080145e+02
6.30630419280298e+02
5.62342141915792e+02
4.48047461453131e+02
3.68765537718359e+02
3.58139244006663e+02
5.55467230245244e+02
4.16607306503072e+02
4.35076380289850e+02
3.49614025497192e+02
4.07196391155908e+02
3.24457672284774e+02
3.83561933915566e+02
4.74816626233408e+02
4.28017567366203e+02
4.49184043531282e+02
3.62747725191444e+02
4.21426779482520e+02
3.29284046477636e+02
3.62597599629387e+02
3.74320572113279e+02
4.85444615413814e+02
6.00033299355615e+02
3.99765877054109e+02
6.65481233885922e+02
5.97873362327565e+02
4.81356836079088e+02
4.00901355825741e+02
3.71572127815481e+02
3.68506441110381e+02
4.64934940100057e+02
3.78961785040904e+02
4.43765804750957e+02
3.47624686522110e+02
3.75979942625597e+02
3.56139903793771e+02
4.07099801148333e+02
4.51541191789766e+02
3.74225101729225e+02
4.43527805303742e+02
3.51578817762497e+02
3.82865332826348e+02
3.54678138935552e+02
3.81624826228241e+02
3.97426911649888e+02
4.26165733559054e+02
5.22111989562249e+02
5.16678865621869e+02
3.85447417213795e+02
6.33161940609119e+02
5.75361134041575e+02
4.72015915522394e+02
4.05959108663719e+02
3.93834754316327e+02
3.70442292688697e+02
3.87002428222333e+02
4.52188719920926e+02
3.62358065759973e+02
3.98268434239524e+02
3.66546650675233e+02
3.81110591072208e+02
3.71331727090026e+02
3.75156955462982e+02
4.00024588883723e+02
3.73313274606793e+02
4.15155047184848e+02
3.84138042155018e+02
3.96093187070071e+02
3.73489768410105e+02
3.57212338477235e+02
3.71271009763266e+02
3.82050285859248e+02
4.57244782542263e+02
6.14700863050897e+02
4.43712120475160e+02
3.96568309095619e+02
6.75309459141571e+02
6.17750233868653e+02
5.12570698135942e+02
4.50222259959802e+02
4.52719024703777e+02
4.37938238507727e+02
4.17522713113572e+02
3.85617611576487e+02
5.27334341348345e+02
4.90973108620104e+02
5.06597364225271e+02
4.71469056354425e+02
4.35277518813919e+02
4.32635725750435e+02
4.29330033459155e+02
4.64150205980362e+02
4.89516927637662e+02
5.04807103945006e+02
4.65860403221512e+02
4.19913220816126e+02
3.99329813809140e+02
3.71740165391125e+02
3.77874207151347e+02
3.81321116841157e+02
4.39981650734149e+02
5.69886264197599e+02
4.68926208596449e+02
4.40915171667763e+02
6.68141839231394e+02
5.56496522085284e+02
4.93278720291954e+02
5.05568118683139e+02
5.00316472717050e+02
4.77478109835007e+02
3.98684634248574e+02
3.60139690649965e+02
4.95034811309583e+02
4.54432303397583e+02
4.03776705358626e+02
3.73205360257523e+02
3.32102188962074e+02
3.19312519058752e+02
3.08591308599051e+02
3.57684559077107e+02
4.71005440978230e+02
4.16741730318674e+02
3.80658827782906e+02
3.31566888812286e+02
3.09172046579988e+02
2.90850251804421e+02
3.28899495974134e+02
3.75339079836283e+02
5.05786154929002e+02
6.00802672130173e+02
4.69095568211974e+02
6.90704306461684e+02
5.14596159083968e+02
5.03472285781456e+02
4.21399964763937e+02
5.52112179377712e+02
4.90240364001704e+02
5.06126554030975e+02
5.05377506804931e+02
4.83676662169873e+02
3.89590829543240e+02
3.07606441870236e+02
3.03945365205434e+02
4.04470326424671e+02
3.65553801656918e+02
3.12440077511559e+02
2.82862406168830e+02
2.57342267971334e+02
2.79850433158945e+02
2.99377949172159e+02
3.92747811284357e+02
4.81828720293707e+02
4.08575304215101e+02
3.62744869040208e+02
3.19749224982489e+02
3.28308000678469e+02
3.06623408949425e+02
3.49025428165765e+02
4.44670458440376e+02
5.21656188002530e+02
5.80141214312825e+02
5.22955214274302e+02
6.72076283441490e+02
5.65800579724555e+02
5.59847607929661e+02
3.65624319009516e+02
6.45212399358609e+02
6.74916558809209e+02
6.84965225702194e+02
6.67302011031842e+02
5.39828513468336e+02
4.08936592339911e+02
3.50388616148450e+02
3.37906885796201e+02
4.84023829940646e+02
4.34139518039624e+02
3.86545136897272e+02
3.97112046757748e+02
3.49747005464496e+02
3.35366782501632e+02
3.38668339979501e+02
3.71737819555385e+02
3.58270228655007e+02
3.28706090336802e+02
3.50280001573332e+02
3.18725261932343e+02
3.08825783705268e+02
3.04445904862033e+02
3.26034377833410e+02
3.80067288761673e+02
5.33325584804529e+02
5.51972739655100e+02
4.89577519981568e+02
7.65403115961550e+02
5.83755856720033e+02
6.02520635987326e+02
5.36926752788076e+02
3.55432183393392e+02
4.75635251013651e+02
4.96752784734472e+02
5.02192364921826e+02
4.26227499651461e+02
3.44537195890346e+02
3.23206462662254e+02
3.01779309390378e+02
3.09092123081907e+02
2.82023050477701e+02
3.08030720099358e+02
2.86916612239060e+02
2.81893400215997e+02
2.77278302242964e+02
2.87333643858545e+02
3.43633472994100e+02
4.33233753857595e+02
3.80336604458742e+02
3.51797947272856e+02
3.37510860025055e+02
3.17085575752704e+02
2.98575565171041e+02
3.28595344461607e+02
3.50639562282771e+02
4.32387546921426e+02
5.66185959365889e+02
5.49354669592719e+02
6.85368013939833e+02
5.85216007659247e+02
4.53925869205537e+02
5.67488806149201e+02
4.95751508130257e+02
5.33932376372141e+02
3.97230375081059e+02
3.26869417457539e+02
5.78326312095271e+02
5.86539636105344e+02
4.99601651552385e+02
4.05114861869088e+02
3.86441365971820e+02
3.61354105453671e+02
3.15014303964502e+02
3.40835590753568e+02
3.98988719429528e+02
3.80084045120539e+02
3.52069613868918e+02
3.18363277430906e+02
3.38338739766170e+02
3.29793350501203e+02
3.68860604445859e+02
3.96971977603610e+02
3.73896570878635e+02
3.44987313987576e+02
3.05772257666341e+02
3.19314493119088e+02
2.91191398057858e+02
2.82226558456552e+02
3.23489975535623e+02
3.81677836216560e+02
5.68584066907519e+02
6.26489496059894e+02
5.56615788200671e+02
5.42936585372771e+02
5.46387666635042e+02
3.80226208251523e+02
7.26796458435703e+02
5.52850003788560e+02
5.80180556584757e+02
5.47040670515719e+02
4.03072103677805e+02
3.34204769230155e+02
6.18604441763764e+02
5.29109735592309e+02
4.29926928799266e+02
4.13745069321316e+02
3.89883286539165e+02
3.26537704217844e+02
2.99910361767020e+02
2.88116245741035e+02
3.60425905134866e+02
3.15093394578384e+02
3.24790943398538e+02
2.80165107180320e+02
2.24190567820867e+02
2.37637970905728e+02
3.08787276641482e+02
3.19957373069083e+02
3.08332768802705e+02
3.22072498659208e+02
2.79188815308794e+02
2.11819759418983e+02
2.20830590262093e+02
3.10954050158600e+02
2.94378949656517e+02
3.46271728956091e+02
5.92674165902868e+02
5.43159263532329e+02
4.58951500628966e+02
5.58803075930166e+02
5.60861788098789e+02
3.92085238832199e+02
6.44065740317987e+02
5.59276604419898e+02
6.11020502515324e+02
4.69209152899907e+02
4.05623865380480e+02
3.13859621528280e+02
5.30795263327456e+02
4.35775708748850e+02
4.26316998238702e+02
4.10558211639317e+02
3.49058237181937e+02
3.18090453988984e+02
2.26620664844472e+02
3.14601442285176e+02
3.79074990222851e+02
3.29761725368416e+02
2.39846303168136e+02
2.43415857215497e+02
3.58735670308605e+02
3.47065061097503e+02
3.32074418782808e+02
3.64788858607683e+02
3.71818705568987e+02
2.62247117159282e+02
2.58558155042677e+02
3.90339078781690e+02
3.89584747565717e+02
3.50560328710270e+02
3.48848039218072e+02
4.18804612897785e+02
5.32521534294711e+02
5.82487884080759e+02
4.57912918399305e+02
6.89223339899813e+02
5.92761227225490e+02
5.16661441663739e+02
3.82730658344415e+02
7.58943882896553e+02
5.78098652679152e+02
6.13431069477540e+02
5.96404084123702e+02
4.56181661684894e+02
3.98698827742813e+02
2.67547647934202e+02
4.96830021539275e+02
4.92575661433500e+02
4.83437888974601e+02
4.19515692690293e+02
3.93482200471399e+02
2.55625973603450e+02
3.85324961968091e+02
3.38451901496626e+02
2.55467298527024e+02
2.44751660767442e+02
3.72991685330165e+02
3.80612634143108e+02
3.31366382807794e+02
3.04027921077763e+02
2.76548831161946e+02
3.18539456744661e+02
2.36500561468870e+02
3.63412103485615e+02
3.80137134710304e+02
3.34030043485078e+02
3.08163938054835e+02
2.66281936641039e+02
3.03872523125439e+02
3.65495309027406e+02
5.19261877911028e+02
6.05006842232886e+02
4.43714974813728e+02
6.03179670717350e+02
6.21241225579794e+02
4.77751134655314e+02
3.76250918682897e+02
6.66003321353805e+02
5.81998710969480e+02
6.50575493504821e+02
5.19543483998606e+02
4.75885087264953e+02
4.00949180011210e+02
3.42414295895406e+02
4.60598086564964e+02
4.59328643987518e+02
4.06275592590124e+02
3.92017989354569e+02
2.42610322977985e+02
3.73185671273342e+02
3.19465737582116e+02
2.90409334174811e+02
3.59452106377864e+02
3.82234540636410e+02
3.37881255740950e+02
3.13061337558952e+02
2.62683699937949e+02
2.95180281919192e+02
3.22038820533414e+02
3.27278943533318e+02
4.46340342098553e+02
3.96176712357353e+02
3.67917075181197e+02
3.02082076604813e+02
3.31476405093851e+02
3.37581205990106e+02
3.09633296268201e+02
3.04909950972207e+02
6.13530917784484e+02
5.00214675600016e+02
6.29675621691111e+02
6.01670932839643e+02
4.28221130170465e+02
5.88384798491320e+02
6.20829283512307e+02
4.81812902549647e+02
3.27203909175441e+02
7.35710857318368e+02
5.61210864672238e+02
6.01017410448139e+02
5.99603591423285e+02
4.74766454879340e+02
4.45812625697091e+02
3.12371673253974e+02
3.49119537049871e+02
5.02543523224367e+02
4.51840926906680e+02
4.46769731262979e+02
2.70256116307101e+02
4.15109522238464e+02
3.67259798078699e+02
3.12113167132637e+02
3.10887667379061e+02
3.61179896052007e+02
3.39192513827437e+02
2.79084466196252e+02
3.07320765378298e+02
3.11596237187918e+02
2.84852922982125e+02
2.64242361729750e+02
2.49803309761571e+02
4.42662669596455e+02
3.66437515583877e+02
4.06087681259531e+02
4.13239664339241e+02
3.79624514154367e+02
3.38126367036326e+02
2.88265391279420e+02
3.01347093426088e+02
6.12165378022023e+02
4.92691842663013e+02
6.13917302179290e+02
5.74957553740416e+02
4.42153531986246e+02
6.88810583720578e+02
5.98071951240174e+02
5.56687947298054e+02
4.68770528806439e+02
3.65885989447011e+02
6.77299215255150e+02
5.91337872945836e+02
6.68633338723842e+02
5.46740499251701e+02
5.18810580724049e+02
4.71277357081678e+02
3.80585263328712e+02
3.50225607432245e+02
5.04241319560996e+02
5.10186675741463e+02
3.09661622949245e+02
4.80902358545217e+02
4.44629953651563e+02
3.87700587927751e+02
3.96818172605122e+02
3.12772851118979e+02
3.57552365827093e+02
4.02647033699891e+02
4.18477736487754e+02
3.97113203788060e+02
3.65896968232930e+02
3.25655539843701e+02
3.28167513800501e+02
2.58739964326555e+02
2.46626628915733e+02
2.57471128558118e+02
2.49192706315462e+02
2.37409600785300e+02
2.26030335153976e+02
2.49952912235220e+02
2.41045699284741e+02
2.40448360494132e+02
6.12845081687701e+02
4.68278282919284e+02
5.78828005029889e+02
5.13192021591472e+02
3.58609596459759e+02
5.91044848331431e+02
6.13780977330693e+02
4.99191078929584e+02
4.55311662303582e+02
3.67153862568082e+02
5.43005648829727e+02
5.78712418679428e+02
5.81716009970525e+02
4.65992785099028e+02
4.55051204586219e+02
3.38821284299637e+02
3.94381886532403e+02
3.49997741925676e+02
3.41170738553403e+02
1.98652081212171e+02
2.93282163327441e+02
2.72190285119542e+02
2.35220672249859e+02
2.47009070597317e+02
2.23248100361717e+02
2.37084359926206e+02
2.46661610711351e+02
2.33874769929203e+02
2.18974904544461e+02
2.08229473560756e+02
2.28317574335876e+02
2.19078091907590e+02
2.52982258453640e+02
2.92574469661677e+02
2.54096455466118e+02
2.32117104353040e+02
2.16072598585662e+02
2.26400926262696e+02
1.97649452167763e+02
2.20026892793504e+02
2.34265054507561e+02
2.52164124422882e+02
5.97840113479376e+02
4.49697146045400e+02
6.18217286001226e+02
5.04576145151922e+02
3.85082860588995e+02
5.85392614882590e+02
6.15276383675761e+02
4.86940003276440e+02
3.68493701423882e+02
3.57374629252979e+02
5.51093728697069e+02
6.06471950723821e+02
4.83320451681336e+02
4.43930582060947e+02
4.03342283294389e+02
2.91163639134463e+02
2.73804827221543e+02
2.36677094687848e+02
2.75546811684254e+02
3.85863443122058e+02
3.52675109036553e+02
2.89251663048332e+02
2.81013212902506e+02
2.38232260477960e+02
2.22180537230628e+02
2.40639704406463e+02
2.71670823903331e+02
2.54673663095148e+02
2.68251193760087e+02
2.30630180633473e+02
2.58594840006514e+02
2.68345028416869e+02
2.77066959665925e+02
2.92153092066713e+02
2.07899582760680e+02
2.19268898706206e+02
1.86604693318156e+02
2.10392143720195e+02
2.15126028751578e+02
2.18994015435374e+02
2.42248869312623e+02
2.25873535752872e+02
5.79117419099400e+02
3.98002054659067e+02
6.61906360920816e+02
6.22565830403297e+02
4.79012703752931e+02
3.74540733904224e+02
7.18356051690214e+02
5.95380941795775e+02
5.41197874567122e+02
4.46654306180209e+02
3.29934335896358e+02
2.71114243669569e+02
6.90640711082446e+02
6.80615922453800e+02
5.27297760643376e+02
5.02415731239570e+02
3.65927149307262e+02
3.65337593371347e+02
2.82929726040114e+02
2.25345328593794e+02
3.82049016581659e+02
3.52564911118592e+02
2.88678872281589e+02
2.76617602605296e+02
2.33395777397953e+02
2.17102061314543e+02
2.28048352329664e+02
2.48698232351282e+02
2.67509779091093e+02
2.24996226672019e+02
2.53076573308209e+02
2.53929869516896e+02
2.54331532585915e+02
2.93436325098164e+02
2.56708695929231e+02
2.88792940017206e+02
2.26572288847160e+02
2.52597284902853e+02
2.47864340991962e+02
2.43469368793170e+02
2.94048039114734e+02
2.68933660291547e+02
2.87791358163057e+02
2.96790458324640e+02
6.70390094153231e+02
5.69467874418630e+02
4.05430294422837e+02
6.50998747683148e+02
5.90807476101289e+02
4.67423807399160e+02
3.01164266232862e+02
7.40777287876328e+02
7.39469037424365e+02
5.82240050775117e+02
5.23809582334788e+02
3.62604704020039e+02
2.64971906470177e+02
7.69182059095585e+02
6.18569069465216e+02
5.72482326141942e+02
5.31878179959701e+02
3.68964135244182e+02
3.42580982589232e+02
2.64876419001326e+02
2.30862286473330e+02
4.31483731042225e+02
3.51766135621127e+02
3.30002206975195e+02
2.71235235875301e+02
2.45998001817266e+02
2.44250487471261e+02
2.64969822549650e+02
2.72680804244564e+02
2.43881873663245e+02
2.30988697213561e+02
2.16906186052440e+02
2.67033295932922e+02
2.50474755111353e+02
2.50602488147848e+02
2.63876823985373e+02
2.97454189849279e+02
2.66381343737643e+02
2.40707460473896e+02
2.98767098740959e+02
2.83808316046507e+02
2.59276799631705e+02
2.39738445619681e+02
2.72798349593414e+02
2.66401751162760e+02
7.00019068838551e+02
5.69284557365973e+02
3.74422405396785e+02
7.57475625428465e+02
6.55466173328449e+02
4.73635183192307e+02
3.39835848341670e+02
7.70977852065643e+02
8.03501787575662e+02
6.26551667751559e+02
4.80322236808405e+02
3.95560837388055e+02
2.61555006507492e+02
8.78553004389941e+02
6.90830237962857e+02
6.73333196390952e+02
5.06265325383451e+02
4.98377997607192e+02
3.79411608769562e+02
2.81897900168738e+02
2.69857251895296e+02
4.56072488210017e+02
4.27489525304726e+02
3.49268039117273e+02
3.13826837750574e+02
2.96038551860323e+02
2.95507477328787e+02
2.89763802239203e+02
2.73259749733955e+02
2.82289642152987e+02
3.57167995190577e+02
3.48801901451710e+02
3.14646992791590e+02
2.74121304356707e+02
3.09996874571411e+02
2.87997111210969e+02
2.64029370238024e+02
3.02877176106717e+02
3.05665026201711e+02
2.83270045822259e+02
2.51317232545982e+02
2.99406251549415e+02
2.94283467078626e+02
2.84893873023280e+02
3.06127123493919e+02
7.56708951651270e+02
5.86825509226656e+02
3.79163397464980e+02
7.74664408597931e+02
6.29075809135926e+02
4.65776222872046e+02
3.12600314413149e+02
9.44108518622973e+02
7.92718835381708e+02
7.43586204011987e+02
6.38280773988091e+02
4.87537633241189e+02
3.90050486688382e+02
2.68327256687300e+02
7.08864217352837e+02
6.72156918980381e+02
6.46871840529674e+02
4.57779661529369e+02
4.43101296698360e+02
3.44778295927753e+02
2.83958632147045e+02
2.86736687750649e+02
3.24846380441180e+02
2.72449410337659e+02
2.53954220393432e+02
2.49150433233902e+02
2.59388228990034e+02
2.83263843978012e+02
2.78362461813277e+02
2.92069666503143e+02
2.80577891502119e+02
2.65743054532355e+02
2.38896951560208e+02
2.95910573882906e+02
3.04117650006278e+02
3.00199651283815e+02
3.21150828312427e+02
6.14282370001439e+02
2.61949284632355e+02
2.33950208738174e+02
2.94583505162832e+02
3.08803871152380e+02
3.04557356069726e+02
3.08728009669648e+02
3.57377486415329e+02
4.07980751071790e+02
7.13286635418612e+02
5.63702225972834e+02
3.52436994818471e+02
7.79369640060889e+02
7.40021612791018e+02
5.87511692722384e+02
4.48837576318412e+02
2.91728744710570e+02
7.11902541020633e+02
7.29552269952837e+02
6.01501051362306e+02
5.78660160731561e+02
4.22381682562347e+02
3.27462565240837e+02
2.68517839803512e+02
4.61421998712780e+02
4.64025043484532e+02
3.63822714003701e+02
3.70445501553994e+02
2.99316932235011e+02
2.38927544718369e+02
2.36286811212574e+02
2.70344589551922e+02
2.20483605042354e+02
2.08139538086731e+02
2.05726121813766e+02
2.13489141267801e+02
2.49840347100822e+02
2.53735718708588e+02
2.96367294612809e+02
3.42752882499673e+02
1.98563994294043e+02
2.54001086305219e+02
2.74542585913370e+02
2.83141318008112e+02
3.06976900338088e+02
3.61634631172958e+02
3.79008887505931e+02
4.04903658755343e+02
2.85568474455893e+02
2.98385409369673e+02
3.02487689002942e+02
3.30271443156913e+02
3.87614414749609e+02
4.11280877500644e+02
4.63624535458621e+02
5.68861100793835e+02
7.24075723816815e+02
5.39067723999673e+02
3.58674616679284e+02
7.47820728865240e+02
7.14068656290300e+02
6.17366382444726e+02
4.26566405872101e+02
2.91655566908669e+02
6.43487468926431e+02
6.89606270282540e+02
5.60765156390747e+02
4.61420892362102e+02
4.01020743724630e+02
2.83529166906658e+02
2.66775366610879e+02
5.80559290671034e+02
5.68904133933824e+02
4.02091636441342e+02
3.97028536180837e+02
3.10975558941698e+02
2.56660511992113e+02
2.65752739479790e+02
2.85106087070339e+02
3.38731816878685e+02
3.15025026970088e+02
2.86869096506395e+02
3.28668778156458e+02
2.73031102302478e+02
2.95149060546487e+02
3.43256925647857e+02
4.11437682207231e+02
2.94629287150759e+02
2.80807366382156e+02
2.91304014703492e+02
3.12927087281068e+02
3.00934608409390e+02
3.29958789196574e+02
3.81214580942596e+02
4.22941744127734e+02
2.74935172818796e+02
2.80215751486134e+02
2.89391337616970e+02
2.63332148631079e+02
2.87393246307258e+02
3.49865973937900e+02
3.61706228369838e+02
4.23276091234430e+02
8.55306375532662e+02
7.59402642230959e+02
5.75796532801319e+02
3.61027977254885e+02
7.77765090308345e+02
7.14016943661872e+02
5.71863722805073e+02
4.43588022159498e+02
2.85218298049415e+02
9.65029051460125e+02
8.17691469322458e+02
7.87720794665055e+02
6.99136812137379e+02
5.55127830259303e+02
4.61576879703636e+02
3.17160068509553e+02
2.86218041189831e+02
8.61304369089165e+02
6.85323778919774e+02
6.83249847370725e+02
5.49265772262955e+02
4.20131069609087e+02
3.51647713826589e+02
3.31304783051217e+02
3.26262179905268e+02
4.61282562606946e+02
4.05790064624308e+02
4.70785575375120e+02
3.47643447200673e+02
3.26173091325336e+02
3.17531877361951e+02
2.90355813907389e+02
3.66362327100791e+02
3.68793495116036e+02
3.63227493337064e+02
3.04799565570439e+02
3.12927734591805e+02
3.81583766561098e+02
3.86737906323965e+02
4.97519339579903e+02
3.41315456230051e+02
2.79083687816403e+02
2.34122512789773e+02
2.43686226651595e+02
3.10458356833434e+02
3.40068501246860e+02
5.13529006685946e+02
4.22275978233902e+02
3.46031912845707e+02
7.63141398039292e+02
6.83012622176438e+02
5.20961597032012e+02
3.21779770399084e+02
7.95152424375471e+02
6.88657197789921e+02
5.58853110825813e+02
4.14410106720706e+02
3.04566852415400e+02
8.88977719279298e+02
9.23272865215899e+02
7.83182838695326e+02
7.83060687279731e+02
5.81935547475698e+02
4.67890493425784e+02
3.50645168423022e+02
3.09936204154793e+02
8.01004605694006e+02
5.79859160413772e+02
5.95036732944674e+02
4.83121679043209e+02
4.07226831358607e+02
3.92529216865949e+02
3.04204577231521e+02
2.77006241187502e+02
2.82831689220915e+02
3.43227500772546e+02
2.60267747953548e+02
2.49945504778726e+02
2.47247456119010e+02
2.14015956166245e+02
3.03917332641506e+02
4.51090006608593e+02
1.72325703154508e+02
1.81098467270866e+02
2.38371946064310e+02
2.77945625096923e+02
4.69990150861292e+02
4.51366624222244e+02
3.83769574658422e+02
3.57913627972441e+02
1.08606153883989e+02
1.35240267988785e+02
1.56679085675676e+02
2.77554172453247e+02
2.89764703490476e+02
2.52965963307133e+02
2.66103285999574e+02
2.66396265280429e+02
6.89834781657581e+02
5.99671515139376e+02
4.60152167633400e+02
2.97560812901714e+02
7.64085513916561e+02
7.52100650945013e+02
6.40717260359871e+02
5.35371813984512e+02
3.89002591519545e+02
3.06642832318470e+02
6.42046429944909e+02
7.10843678748356e+02
6.05730015614240e+02
5.33546047719143e+02
4.92531952985525e+02
3.77582572578473e+02
3.39230388958187e+02
2.69819161986052e+02
3.40689157095152e+02
3.55972785557759e+02
3.05950651355271e+02
2.55061318666733e+02
2.33114565724246e+02
2.38950705733306e+02
2.05377820810486e+02
2.31327081580799e+02
1.80701796404612e+02
1.39290348123414e+02
1.34580499906731e+02
1.31295223276593e+02
9.50637084193217e+01
1.27257346364369e+02
2.53402640518139e+02
2.45959380819659e+02
8.39426102250846e+01
9.82740948281762e+01
1.80877319264618e+02
1.99972390941032e+02
1.82479899403434e+02
2.13999038559666e+02
2.19543278449709e+02
2.61035206112528e+02
1.33288907299680e+02
2.48325749292532e+02
2.81331604094158e+02
2.54511385862246e+02
3.04246149713549e+02
2.93225575183329e+02
3.80844586478959e+02
3.67223137998417e+02
6.63329627374440e+02
5.93660904129424e+02
4.39372767674862e+02
3.21838317181506e+02
5.80582144377404e+02
5.85666378155233e+02
5.52878922539182e+02
4.25422996616649e+02
3.35412735340232e+02
2.79780731281244e+02
3.73607516685917e+02
3.77475017144555e+02
3.57246842613727e+02
3.08754632564960e+02
2.87553593595042e+02
2.30395381993974e+02
2.21150485967483e+02
1.80448811855659e+02
1.78626672090870e+02
1.93232093444272e+02
1.67881467573021e+02
1.54831983556414e+02
1.65201344259331e+02
1.38715255359692e+02
1.11021730168844e+02
2.16352191089199e+02
1.44303779847851e+02
1.41981209879982e+02
1.40144995062598e+02
9.51990950488606e+01
1.18584848774430e+02
2.56278162859161e+02
2.77481224572674e+02
3.56187330686043e+02
2.18030158517608e+02
2.52424674392678e+02
2.30362551879866e+02
2.83009655850604e+02
2.73158740046616e+02
3.88615158558849e+02
4.76583367128500e+02
2.75264619278230e+02
1.19690953627397e+02
1.11922444829508e+02
1.43329365920895e+02
1.43380464732567e+02
2.24530777946387e+02
3.31495966744903e+02
2.13070157464689e+02
3.29459564384659e+02
5.19711672888672e+02
4.48588443774944e+02
3.67149590069982e+02
2.84318032170219e+02
3.24793106429654e+02
3.21360626446631e+02
2.88935073672197e+02
2.61497990340382e+02
2.02980844284631e+02
1.92327624540209e+02
2.13072698499867e+02
1.89644596292958e+02
2.02334030072630e+02
1.63069753509219e+02
1.49002088300635e+02
1.32219232513888e+02
1.33968918427741e+02
1.08755298539772e+02
1.45203608757868e+02
1.30136737378421e+02
1.14513033125011e+02
1.11491003971976e+02
1.24204540611492e+02
1.09877325636746e+02
8.70881864510068e+01
2.25874608478934e+02
5.99950422431461e+01
5.97931513958867e+01
3.91558557081620e+01
4.69528776693670e+01
1.06405076682871e+02
1.25602138260286e+02
1.92907692683975e+02
2.57684582831275e+02
1.00079024949158e+02
1.30213521147969e+02
1.30721391779533e+02
2.15399981739937e+02
3.55767729646022e+02
2.47924066041609e+02
4.91823086762377e+02
4.40776331614902e+02
1.11943383909687e+02
1.02289756312141e+02
1.64820942283604e+02
2.89541658568438e+02
2.12337318048505e+02
4.84358542352434e+02
4.83159191989589e+02
4.18215913945434e+02
3.34111407993527e+02
3.21165997965061e+02
2.82337616367676e+02
2.27076847006296e+02
1.93546086198475e+02
2.25376100941728e+02
2.07280157031219e+02
1.85318884378446e+02
1.60117079789404e+02
1.44236062520273e+02
1.09040376214264e+02
2.14380026795597e+02
1.85216236565868e+02
1.68746749601750e+02
1.59909072115641e+02
1.31877220295562e+02
1.31422615603318e+02
1.13730907400768e+02
1.43487970175449e+02
1.38286151912148e+02
1.16781940855629e+02
1.04712370840130e+02
1.07145176410200e+02
8.97880824898702e+01
6.51436653850394e+01
8.65126150707445e+01
1.60112864474144e+02
1.20431089879015e+02
6.69321102091803e+01
5.61031915184935e+01
1.06369599368675e+02
1.12518570782033e+02
1.31723790789687e+02
2.22559801982073e+02
4.79215417662104e+02
9.68306487920638e+01
1.29715861721314e+02
2.26612615950980e+02
1.72190996380442e+02
4.31776077406672e+02
4.88324389902916e+02
3.22465512487730e+02
5.43763997648165e+02
1.79818292175559e+02
2.76918276087486e+02
2.01320396669829e+02
5.13048090833295e+02
5.99419801020525e+02
3.28457278562942e+02
3.69599119576534e+02
3.53124275336961e+02
3.32677623404771e+02
3.09726465489033e+02
2.58698587398144e+02
1.91567875717241e+02
1.55564128048036e+02
3.88547212277961e+02
3.74509950284352e+02
3.21815881559034e+02
2.75365291981896e+02
2.13361181799930e+02
1.84432803067952e+02
1.12154680166828e+02
4.15061789240014e+02
3.81859810458614e+02
3.20527750299584e+02
2.85181164832447e+02
2.19148107726093e+02
2.00232062150986e+02
1.31418623023777e+02
1.28465816197097e+02
4.07392391772324e+02
3.34988759279553e+02
2.98200831290493e+02
3.11943327624049e+02
2.48164419287561e+02
1.08411599447729e+02
1.62085394069111e+02
1.88291906948871e+02
2.16772660869573e+02
1.55233480283399e+02
2.57475155449570e+02
2.38001646484573e+02
1.35224560491460e+02
1.71966199779630e+02
4.40986169092921e+02
3.03161299118938e+02
1.02906609804238e+02
7.59930385500632e+01
2.01586246324086e+02
2.51068722766935e+02
1.48173049466528e+02
1.92276518360110e+02
2.17329688013998e+02
2.35273639604910e+02
8.34807413418055e+01
2.27415100221975e+02
2.94775007121880e+02
1.81987009836531e+02
2.60034604949285e+02
3.31297279581030e+02
3.43120692551569e+02
4.07564367959645e+02
4.11400204384594e+02
3.64609875025191e+02
2.95147478680607e+02
2.12740700552881e+02
1.54372892799388e+02
4.74300271097188e+02
4.63639477225438e+02
4.30481045854177e+02
3.21089461254788e+02
2.53678790969789e+02
2.11150242248422e+02
1.20175254471143e+02
5.67458170388908e+02
5.87687639386860e+02
4.44745025326537e+02
3.86190785902199e+02
3.14085680846919e+02
2.98597036917125e+02
1.42039595151278e+02
1.38629083780162e+02
4.99735717423617e+02
4.45904904878668e+02
4.48201861407133e+02
3.76425944768292e+02
2.58702909187590e+02
1.85719995551587e+02
1.42219409033995e+02
2.97851789097228e+02
1.01541445819850e+02
1.63986517516981e+02
1.51796952012012e+02
7.25197092344052e+01
7.70905656755021e+01
2.17050642653011e+02
1.96253093555596e+02
3.16679603202786e+02
1.18540416070596e+02
1.57997491838177e+02
1.01339425315304e+02
1.56525229749597e+02
2.24188792215034e+02
2.79555697133899e+02
4.26057696788096e+02
-1.14272049067078e+03
3.28753083343844e+02
2.17256986251625e+02
3.54279188430628e+02
5.53023672154335e+02
7.65385944639155e+02
1.35215199699312e+03
4.31229916201248e+02
-1.02213066393197e+03
5.36200894991469e+02
4.79122265930897e+02
3.55781155107482e+02
2.71548138776519e+02
1.40306812461322e+02
6.66635590914926e+02
6.38752244382135e+02
5.63322896106566e+02
4.78546087649346e+02
3.49622112317860e+02
3.09103701273406e+02
1.56493483744420e+02
7.45374410299047e+02
6.78674511284235e+02
6.21028970833595e+02
4.96982266785108e+02
4.62569641885623e+02
3.80407612962423e+02
1.91472495476540e+02
1.35468182149175e+02
4.24476224793832e+02
3.84524843096201e+02
4.13310964468965e+02
3.39264704805369e+02
1.43046586721177e+02
1.86542844487813e+02
7.99899642609921e+01
2.14214586443506e+02
2.45331750453862e+02
2.29011704406395e+02
9.85756243067010e+01
8.28035400342566e+01
2.36385628604879e+02
2.49678271794951e+02
6.03649277436714e+02
6.70422496552803e+02
1.23710823324437e+02
2.10853755765530e+02
3.48719510938760e+02
5.24870667246095e+02
1.03808201753385e+03
4.13527694326437e+02
2.91738515722021e+02
3.08064892818927e+01
8.73661067653825e+01
1.50288577600382e+02
2.42066667292475e+02
5.22072735625276e+02
2.35826779065762e+02
2.54337891694797e+02
2.80437805406120e+02
3.12100701234730e+02
5.98260365258509e+02
5.14537873488549e+02
4.11021163450317e+02
3.19865146765000e+02
1.65936083183907e+02
7.21375928943414e+02
6.54818007499382e+02
5.79264971977556e+02
4.83218665699888e+02
4.07878922416432e+02
2.86267734228330e+02
1.42091725517133e+02
5.38167353967946e+02
4.65484758989431e+02
4.27907912249247e+02
3.42633107183065e+02
3.28366417070447e+02
2.30457439647226e+02
1.47855929376637e+02
1.37193142494522e+02
3.33340452476429e+02
3.41017908577562e+02
2.95481978644247e+02
2.10105826861197e+02
1.42259251365017e+02
1.01716950904942e+02
1.27383978388449e+02
4.00018868311634e+02
4.47837472749727e+01
1.94677172810283e+01
1.68394850801300e+01
5.16874505001360e+01
6.12946179523057e+01
1.81567384498034e+02
3.11334546166309e+02
2.70149051540985e+02
1.02976327281329e+02
1.73829281622501e+02
3.95107225087259e+02
1.87048959283087e+02
2.23552708552363e+02
2.81709836746045e+02
4.30509737422382e+02
4.41443883361382e+02
8.28560157492142e+01
1.97016360205919e+02
9.25967979741053e+01
1.20643410194774e+02
1.69921678117574e+02
3.05420442798917e+02
3.84642764980492e+02
3.09308407085464e+02
6.39569331500852e+02
5.98326497978667e+02
5.22503586110400e+02
4.11284917536330e+02
3.40641654075499e+02
1.77469171786902e+02
5.12246701643155e+02
4.99278500412056e+02
4.40771393054091e+02
3.90591782749928e+02
3.15014715077607e+02
2.82029182436936e+02
1.56604389149369e+02
8.13840033575528e+01
4.02444760756101e+02
3.13971105693622e+02
2.84360495231712e+02
2.42481357712481e+02
2.46831778066785e+02
1.25296959304019e+02
9.18403212116899e+01
1.35435821348311e+02
5.94063259147590e+01
6.60736397717199e+01
5.65284217198723e+01
2.45453447848975e+01
3.38558828020994e+01
1.31518055979786e+01
4.35245321879731e+01
2.28169523180717e+02
7.97530241833262e+00
6.12673063224587e+00
1.83929844473784e+01
2.31382928727378e+01
7.68815836498829e+01
1.53336902312207e+02
1.68336073602178e+02
3.92981819628307e+02
2.63663203144691e+02
1.24195677732326e+02
1.58078940615396e+02
2.13232723197230e+02
3.97289517909504e+02
4.89331340462327e+02
4.66268477998909e+02
4.76402813297924e+02
