7.86199852790008e+02
8.65690483294974e+02
6.14907492516407e+02
8.41565786333441e+02
5.85913976777447e+02
7.46741433541182e+02
6.16378616942578e+02
6.91342967091470e+02
4.86276492241408e+02
6.45101579358806e+02
5.93435121681503e+02
7.63532755749586e+02
5.30980050149774e+02
6.87937084392229e+02
6.74619647464406e+02
5.50011253589498e+02
5.98763888003245e+02
6.61373607693860e+02
7.64503509787206e+02
5.16443186473190e+02
6.30738393836561e+02
6.08598678074788e+02
5.14134522157099e+02
3.51415218495171e+02
1.39618223358404e+03
8.92194452955729e+02
9.89802473370407e+02
8.81596001612936e+02
6.98447089788213e+02
4.73404860136425e+02
3.26055663524895e+02
8.95131237780778e+02
7.63846540260710e+02
4.50406386840623e+02
8.40768160610004e+02
5.12970045029409e+02
5.29091053791969e+02
4.48230588599617e+02
3.39630856038761e+02
2.24451404209819e+02
1.83477916236488e+02
-1.03018137179712e+02
7.20290512887191e+02
7.21618528404894e+02
5.86336736905311e+02
4.18515395430680e+02
2.53265357128929e+02
1.93057437016296e+02
7.06559831098941e+01
3.28647682913919e+02
7.42161315867995e+02
8.28634458698186e+02
5.88775151694672e+02
2.82186247607919e+02
1.02748241822677e+02
6.21486619291699e+02
5.00108069560921e+02
3.53603135453906e+02
2.10864040233981e+02
1.63908599805806e+02
8.73950437967109e+01
3.20233928924300e+02
2.13581975984362e+02
3.87386991201973e+02
2.77109608956871e+02
1.69155439151157e+02
1.40735978559479e+02
9.93075341139852e+01
2.64163444263597e+02
2.01040669646057e+02
4.00946493725664e+02
2.88032596676521e+02
5.23688420124543e+02
3.64787356353771e+02
1.86272561356863e+02
1.12961593762897e+02
2.26500809986595e+02
2.11888834371799e+02
1.36233144600835e+02
1.24409797483697e+02
1.04091091152768e+02
2.71234765542127e+02
2.19504201394388e+02
3.28036554052772e+02
4.98650632081787e+02
2.32543507365920e+02
2.27142533514801e+02
2.10078399856288e+02
5.49381625606684e+02
4.35409043027875e+02
4.90381530880206e+02
6.12052074979943e+02
8.01145232608636e+02
4.64418165308195e+02
1.56058512506940e+02
7.99943170788932e+02
5.68172793571687e+02
3.18555702104832e+02
2.53880871309795e+02
5.63348258574863e+02
6.30906968094078e+02
3.43877708601466e+02
3.32016331024591e+02
8.76627186469587e+02
6.78205443243617e+02
7.30914837756889e+02
8.24144597927532e+02
8.85476817403743e+02
5.96586334667813e+02
2.40237243045710e+02
6.33338693968939e+02
4.83507012122556e+02
5.12160524175545e+02
5.33965543904386e+02
4.73043380244893e+02
2.66061698265771e+02
4.30641267467711e+02
3.17395971393467e+02
3.85325285055740e+02
4.18377787415775e+02
7.06109592160937e+02
5.05843791136619e+02
3.00619942404260e+02
2.68663448663429e+02
6.24446804859650e+02
5.85591780475812e+02
3.14574867875641e+02
8.42447531604920e+02
6.38713756402536e+02
6.84959165234423e+02
6.90294689017095e+02
5.50956498285369e+02
2.73913634874047e+02
4.16682968905040e+02
5.40361499580897e+02
5.62024238538695e+02
6.15243952415007e+02
6.11672378325685e+02
4.64884673583850e+02
2.16894991534993e+02
3.07364095443870e+02
4.07416906390364e+02
3.20762791008077e+02
3.13966304255422e+02
5.46223728340199e+02
2.85362918594370e+02
6.30811145521053e+02
6.64231780577875e+02
4.78349258526612e+02
2.98196517148532e+02
2.91445675211972e+02
7.18399169043135e+02
6.77650814350615e+02
3.09211790510292e+02
3.87859599204044e+02
7.72907076283917e+02
7.64152710331063e+02
5.69105544352162e+02
2.61965862666018e+02
3.59015559149760e+02
4.66137268499812e+02
3.52987277958304e+02
5.37661865107942e+02
7.83635655475284e+02
5.75690329867199e+02
2.63729608678777e+02
3.54401854550049e+02
4.42792960460608e+02
3.03090226779889e+02
4.52358073361013e+02
3.84029223501583e+02
4.14520014173647e+02
3.55024987439123e+02
4.76752760488791e+02
3.69694287834514e+02
4.44429111799966e+02
2.87954058032500e+02
3.01012471466900e+02
7.75130556855952e+02
7.50559580735948e+02
3.44740312427188e+02
3.83977140999591e+02
3.71132038355189e+02
5.08747472618584e+02
2.34859874831592e+02
3.15693243329114e+02
3.86111745558484e+02
2.44178847512875e+02
3.31026803368527e+02
2.86216744421991e+02
3.36900872005104e+02
2.58719543701246e+02
3.53278406108756e+02
4.31087310121922e+02
2.61512265410142e+02
3.27934150274473e+02
2.69271936690607e+02
3.12930223388840e+02
3.95656172092579e+02
3.43162679895723e+02
3.92198831240609e+02
5.71923531816192e+02
4.99927818318862e+02
3.04556286147670e+02
7.94712327738553e+02
3.80305115942229e+02
3.03393128050410e+02
3.31028350435510e+02
8.71358544551015e+02
8.51833620181543e+02
3.91904418559947e+02
4.28868663067760e+02
3.19538342325067e+02
3.06284251456165e+02
4.51217038269684e+02
5.48643548287982e+02
3.23600306614804e+02
3.86595442746075e+02
3.01662581782178e+02
3.33369453203300e+02
4.07220353296534e+02
4.98342976412430e+02
1.01919805397552e+03
5.82682340671047e+02
6.54362826965704e+02
4.68688642155599e+02
4.47964601385604e+02
4.10630318209355e+02
3.94434474137533e+02
4.27621460062490e+02
4.92861106315665e+02
4.10290062195720e+02
5.60234818664829e+02
5.31558451161828e+02
7.82208849203928e+02
6.71281781870192e+02
4.58018763704629e+02
8.47069594291785e+02
2.24183799675129e+03
2.18893211508716e+03
9.89560725954000e+02
1.07513619216192e+03
7.15268082473310e+02
5.11929008981731e+02
3.91866352300913e+02
8.21183166112771e+02
9.17332567104436e+02
6.51260389714806e+02
6.04592522666628e+02
4.85026314470797e+02
3.32003435645088e+02
2.41109105383240e+02
1.65191094051024e+02
7.13118072785324e+02
5.13250227803721e+02
4.86401585002970e+02
3.96502520832166e+02
2.69269150720500e+02
1.86572592157370e+02
1.50245047028948e+02
1.52530884066445e+02
6.71249169899551e+02
7.05812142203853e+02
6.61851283459776e+02
1.16219836660755e+03
7.50807696918853e+02
2.07612263890815e+03
9.82400547509260e+02
5.49710727337635e+02
1.77132696110519e+03
1.75905453300501e+03
8.07099539975168e+02
9.01802064203449e+02
6.17223985806973e+02
4.57402236412723e+02
2.87224645306684e+02
1.50614408088906e+02
4.21512923021265e+02
4.03816332724328e+02
3.32004430805597e+02
2.25062395895978e+02
1.53322113078383e+02
1.22629278394991e+02
1.78997427055205e+02
-7.35520068552535e+01
3.20139245418892e+02
2.63078690294830e+02
1.76855869345281e+02
1.21160389150647e+02
9.90997172897969e+01
1.53446203572449e+02
1.76175688188547e+02
4.27122822281743e+02
5.78300799343967e+02
7.20107927942842e+02
7.49275072592940e+02
1.24698141944201e+03
7.23410747426214e+02
5.17895654728795e+02
8.04158306254982e+02
7.62309937124443e+02
5.60324262087365e+02
2.72962044664051e+02
1.11894257661923e+03
5.11962169043810e+02
5.76498407413989e+02
3.96194320300624e+02
3.00087597713591e+02
1.95158437300136e+02
1.07451384622698e+02
1.75163068980439e+02
2.30599617617494e+02
1.59171436806466e+02
1.15630019818184e+02
1.01981312822810e+02
1.69162672217543e+02
2.01993284651065e+02
3.80063085574414e+02
5.46710289739820e+02
1.63988445079393e+02
1.26723081593874e+02
1.20106595362563e+02
2.10635078631284e+02
2.50620000289838e+02
3.59681467656915e+02
5.68838157052457e+02
4.90222420437287e+02
7.74285565191186e+02
6.43474625462730e+02
9.32755557819559e+02
4.76894397711298e+02
8.02942021080279e+02
4.29817711298010e+02
5.92170693751226e+02
3.91414741930242e+02
1.11944993947838e+03
5.46527672120878e+02
3.38135923908693e+02
1.41169779646552e+02
5.15522626135080e+02
5.89459633035895e+02
4.09256148709835e+02
3.19631675320921e+02
2.23792951607234e+02
1.46504369772849e+02
2.69251010537725e+02
4.95159050593605e+02
2.07320141792573e+02
2.01261116071448e+02
3.53613086532906e+02
3.96714621243698e+02
3.87595972351412e+02
5.16826714151793e+02
4.60443840370463e+02
3.14589654343912e+02
2.05312139732483e+02
3.70112028337784e+02
4.20465197972131e+02
3.77728744722601e+02
4.81059132704358e+02
4.40878657488005e+02
2.80451546245407e+02
2.88243040738418e+02
8.32813694415362e+02
6.14242038407888e+02
5.90611198716431e+02
5.61923009968267e+02
6.22237530708888e+02
2.65668695915648e+02
4.20670068289147e+02
6.66019813814704e+02
6.52781337367475e+02
4.92700515369498e+02
2.69463070130273e+02
2.39816494874947e+02
6.37904242634843e+02
4.50423140140265e+02
3.62765725357262e+02
2.68568557464649e+02
1.93449713503139e+02
3.79028577317647e+02
4.07141017339652e+02
2.96054404114120e+02
3.36403029297667e+02
3.86981272442694e+02
3.26545718685035e+02
3.92927136668169e+02
3.68488152432686e+02
2.38809836479976e+02
2.08637974863302e+02
3.38161488164106e+02
4.92409568617968e+02
3.96507302853996e+02
4.51093676091910e+02
4.30899093998151e+02
2.92730459876681e+02
2.43991958399222e+02
4.03429941793310e+02
5.38984554766002e+02
6.97310523089467e+02
6.74933581847546e+02
4.17195887036031e+02
4.64787680487182e+02
7.96350114384343e+02
5.14068432426972e+02
2.20894965204672e+02
5.71802799847393e+02
3.90629405671516e+02
1.16707885382649e+03
5.94517357974644e+02
4.04999233810469e+02
2.37118695755381e+02
4.17630102420481e+02
4.70063227113806e+02
3.87609460362210e+02
2.99862402483782e+02
2.32227319401001e+02
4.84185984401167e+02
4.40796035321735e+02
3.37278292441295e+02
3.25313445444650e+02
4.42225969332021e+02
4.72260125894918e+02
4.49845263708599e+02
3.09831283074490e+02
2.38282563761559e+02
3.37993719633944e+02
3.43830170368630e+02
2.54076898920584e+02
5.22487892914589e+02
4.97813127521970e+02
3.50008762452346e+02
2.71615948779270e+02
3.78151974907938e+02
3.48636550307629e+02
2.58532161263255e+02
3.34024955996478e+02
5.91401500729601e+02
6.79594037440848e+02
3.46040030568040e+02
4.28007802580112e+02
7.87065084965826e+02
4.70349155412373e+02
3.30675955442125e+02
4.25897466926013e+02
6.99057680855971e+02
7.24535824283496e+02
5.77163331918822e+02
3.56855438287565e+02
3.93733458293230e+02
3.73537565934267e+02
4.63870105097647e+02
3.69941615494143e+02
3.00338340732957e+02
6.54622936575367e+02
5.41556571796237e+02
4.12167526164976e+02
3.36990264039937e+02
2.77088166313027e+02
5.46905691375932e+02
3.88318355995889e+02
3.02337928830253e+02
4.14470747905148e+02
3.53450853871125e+02
2.46486015918753e+02
2.92716714213414e+02
2.23673035364820e+02
4.48996071174915e+02
3.51108210267465e+02
4.78877274034630e+02
3.88174607858340e+02
2.54339302765083e+02
2.74330296800166e+02
2.19863776502846e+02
2.11399896854842e+02
5.83814207648854e+02
5.02580290925402e+02
4.71632861113981e+02
7.74991635478705e+02
3.11866228943133e+02
6.02960532427044e+02
7.49835791148610e+02
4.06123086294637e+02
4.44683740019657e+02
6.44511479929852e+02
4.51216438045419e+02
1.39251669641423e+03
7.33113513764773e+02
5.29841238459765e+02
3.56220651434103e+02
6.50601917714434e+02
3.79949926507628e+02
4.39039185706699e+02
3.66696923330052e+02
8.19686719758382e+02
6.49674138610766e+02
4.88096521534069e+02
4.00035191075198e+02
2.84267855981984e+02
2.30269487258962e+02
3.26346610632208e+02
4.49542625402467e+02
3.61982756510698e+02
2.34570967212795e+02
2.47609462752158e+02
2.03755263251560e+02
2.01592375075452e+02
2.14552200703434e+02
6.02207372724113e+02
4.85076085091622e+02
3.13393371374454e+02
3.28082818262053e+02
2.72427942193993e+02
2.55832996547570e+02
2.46945805640216e+02
3.14165031143249e+02
7.02300425689167e+02
4.43866543853194e+02
6.10635153352913e+02
6.97903288912824e+02
4.30063811014843e+02
5.46460448537364e+02
9.84314634330735e+02
7.09617684975605e+02
4.11139017824368e+02
5.42057532183379e+02
5.15444685915800e+02
8.68145001536246e+02
9.36984780288227e+02
7.73261460195362e+02
5.10581866876536e+02
6.25569094565653e+02
5.64973959602063e+02
3.49444090940113e+02
4.39830258118063e+02
1.00611810232868e+03
7.92445162560401e+02
6.00169167691770e+02
5.11478979239177e+02
3.71886093634078e+02
3.03505738795015e+02
2.62664756369773e+02
4.98157334520408e+02
3.25900919221971e+02
3.49222690787225e+02
3.02927253546584e+02
2.95164591888287e+02
2.92401982252847e+02
3.14162240700561e+02
2.46150402000952e+02
2.01106885924181e+02
2.17571743987749e+02
1.94446239910220e+02
1.97759491732595e+02
2.09600010183667e+02
2.45103999003666e+02
2.18989499592779e+02
2.49245023714653e+02
7.00009269944601e+02
3.96306552899629e+02
7.83876747638320e+02
6.18182138890432e+02
5.24264366752372e+02
4.90908057764914e+02
9.73594311053844e+02
6.33619350058761e+02
5.44859278835678e+02
4.64331826201496e+02
4.53318524976447e+02
1.42544789990329e+03
7.64628958055605e+02
5.69665746758677e+02
4.08203326779536e+02
7.85653719324145e+02
4.66071278020744e+02
2.85545426927267e+02
6.76621919030743e+02
5.09478922575062e+02
3.71197829574043e+02
3.18982644752563e+02
2.34416099212412e+02
1.97796758026876e+02
1.95763826215526e+02
2.15753935656321e+02
2.04132637762578e+02
1.77806603675925e+02
1.75619941009009e+02
1.82350930551677e+02
2.07707230442747e+02
1.82081628972501e+02
2.29890999487828e+02
2.83703082089093e+02
1.89634224493612e+02
1.82130656915843e+02
1.82608692335488e+02
1.95385765795657e+02
1.54152734914037e+02
1.81383670529729e+02
1.97264773985209e+02
2.33685736182525e+02
8.31211806724122e+02
5.15248270860655e+02
8.56477775108658e+02
5.54968813059782e+02
5.51142117069433e+02
6.60689688443221e+02
8.74119839233546e+02
5.12509141113772e+02
6.20155933342429e+02
3.80399611586739e+02
7.37434490253062e+02
7.99875540739463e+02
6.52832167408849e+02
4.24326763408594e+02
5.23037523954353e+02
4.36681916440115e+02
2.83364609754256e+02
1.97253288058470e+02
6.39554743051918e+02
4.45990309262752e+02
3.79891140262454e+02
2.71402283615150e+02
2.12657893952969e+02
1.91653996579604e+02
1.77280369297622e+02
1.97881509476963e+02
2.04085967506284e+02
2.06255458689498e+02
2.21075311233646e+02
1.72276779580807e+02
2.02390144124063e+02
2.13733182486051e+02
2.32159626777619e+02
2.62990228719845e+02
1.63676003169222e+02
1.74605405384403e+02
1.34411745468585e+02
1.56646653118697e+02
1.60842331965211e+02
1.68186605370966e+02
1.82905858558941e+02
1.78444887806798e+02
8.42960782476619e+02
5.64287901381822e+02
5.27758000338734e+02
9.41801406040061e+02
4.64489721829969e+02
5.10504438298148e+02
5.07623698061762e+02
9.05900809771549e+02
6.66178137400343e+02
3.98167972286448e+02
5.21155349196116e+02
2.37573223824143e+02
1.49349259962865e+03
7.94786268018334e+02
5.80092789082047e+02
4.10664418505338e+02
7.72171997647576e+02
4.01882314326955e+02
2.30255860595081e+02
1.81271482453278e+02
4.33113764707677e+02
3.72768107208576e+02
2.69519232777641e+02
2.11495973440989e+02
1.91472200613663e+02
1.75149932995908e+02
1.81570752755694e+02
2.01115625374955e+02
2.47990058884032e+02
1.89457417161767e+02
2.19726168198797e+02
2.22136477792615e+02
2.31180622216034e+02
2.67453215293824e+02
2.18189695012955e+02
2.69173235084287e+02
2.88275454848857e+02
3.22533825606237e+02
3.07098306591109e+02
2.99942243453467e+02
3.58321412532745e+02
2.90100792366457e+02
3.08640438277841e+02
3.09231246578932e+02
6.86591568221859e+02
7.31614041986663e+02
5.53986519279493e+02
6.44380400187213e+02
7.90753526237560e+02
5.31804926636256e+02
3.44953022732482e+02
5.44551957043487e+02
1.09409415253022e+03
7.04351922683774e+02
5.96352436282066e+02
4.60674626103098e+02
2.23395714810163e+02
1.02054523883963e+03
8.41076021296167e+02
5.52611975207899e+02
6.91619293835291e+02
5.55230065454536e+02
3.61046638348921e+02
2.26738153782086e+02
1.92023759211994e+02
5.12415787445671e+02
3.73091018582331e+02
2.89832474281155e+02
2.57798875374212e+02
2.28281929627373e+02
2.15677733613854e+02
2.35793837819467e+02
2.29639179873766e+02
1.43495420295631e+02
1.30500960784741e+02
1.20177586480177e+02
1.48108870953984e+02
1.24036364710879e+02
1.27508572152251e+02
1.36802457933790e+02
1.62090311790334e+02
1.57431210935721e+02
1.39247167492965e+02
1.77404649364047e+02
1.54515313148410e+02
1.43954834317628e+02
1.46700602339109e+02
2.05671606319502e+02
4.00082964135260e+02
7.55672395849107e+02
5.84043695284725e+02
4.65353953988113e+02
8.53482784989350e+02
7.13539476322956e+02
6.14445503253130e+02
3.01725002966451e+02
7.11009856239540e+02
9.70456919668413e+02
5.74247711231879e+02
6.91549399673708e+02
3.92488557375141e+02
2.13811513181205e+02
8.99757758016571e+02
6.73881752219279e+02
4.93558243883993e+02
9.55670543140373e+02
4.94504070897775e+02
2.96739875027705e+02
2.28892096255777e+02
2.12793323999725e+02
3.21410233282271e+02
2.55176215816739e+02
2.32206707166385e+02
2.08606980230762e+02
1.88419811273977e+02
1.85016957369355e+02
1.68486546454509e+02
1.97433410065226e+02
1.91650818989950e+02
2.52874159811140e+02
2.29566478416250e+02
2.03732521263448e+02
1.85389282526490e+02
2.62798908419237e+02
5.34197366910017e+02
2.52514704094108e+02
2.87113850112800e+02
2.70456664600012e+02
2.43915252230460e+02
2.18960029291165e+02
3.19726264244350e+02
6.67304104727587e+02
3.43039888145454e+02
2.70126219923994e+02
8.11427001407579e+02
5.51612067773916e+02
4.40638322163730e+02
9.14090484564524e+02
6.22603058642551e+02
6.08689852186669e+02
2.72745436229758e+02
5.74790538191242e+02
1.05203638668616e+03
8.12528798509360e+02
5.16904661290316e+02
7.06830456221975e+02
3.34190672348191e+02
2.22618050319472e+02
7.59863095110503e+02
5.15808605448797e+02
6.70107390346016e+02
5.52922933352243e+02
3.79993906873690e+02
2.55684220969518e+02
2.13027114423080e+02
1.93055571209599e+02
2.90943956007044e+02
2.76829269299199e+02
2.62289063371432e+02
2.51034144231081e+02
2.61176010538131e+02
2.65759158091695e+02
2.88464226265415e+02
4.23763314630879e+02
2.97731378599733e+02
2.71552069894663e+02
2.41061726668293e+02
3.56293254247430e+02
7.49075739006463e+02
3.95038404514944e+02
3.43054264899469e+02
6.69597912398791e+02
2.83470390858808e+02
2.38181662128994e+02
3.40781302685601e+02
6.84419424119607e+02
3.41697408027017e+02
2.70276231858686e+02
3.40697985387570e+02
2.41286717704505e+02
9.13731160917672e+02
6.21742428758717e+02
3.48167775360886e+02
5.54895537233235e+02
1.04101764420906e+03
5.43309183282384e+02
5.98727460703937e+02
2.60714546268270e+02
4.75301916521193e+02
1.00115353871660e+03
6.75589374638398e+02
6.08801030060375e+02
5.01757122709509e+02
2.77634671401929e+02
2.16246754260680e+02
6.08761500062605e+02
4.61242409368426e+02
9.22044132946111e+02
4.88397803401144e+02
3.18170066907158e+02
2.73438365494698e+02
2.61761091621461e+02
2.82609807541973e+02
2.88668279356572e+02
2.76261276111644e+02
2.65862924151828e+02
2.72582393301992e+02
2.89119309823784e+02
2.85987662119615e+02
4.11219833543892e+02
3.08009386851320e+02
2.20123747129041e+02
3.14879634894036e+02
6.30982702764043e+02
3.14874190531182e+02
2.56213693874853e+02
2.90807637069956e+02
2.08984646934294e+02
1.57357649452178e+02
3.64525720771673e+02
7.14191128689931e+02
3.52524559016479e+02
2.92837794102394e+02
3.39929985789834e+02
2.64758108969252e+02
2.56408306692530e+02
3.79140685847840e+02
9.51467956011149e+02
6.65041283198186e+02
3.29382957636611e+02
6.33218085696543e+02
8.43881951956216e+02
6.18945688408918e+02
4.49486214195074e+02
2.42669551357540e+02
6.56733261608984e+02
9.35319092008218e+02
5.81423233250238e+02
7.38232205444732e+02
4.51390143152109e+02
2.90232001217875e+02
2.74555562545055e+02
5.69373754419070e+02
7.53898241770823e+02
6.23514656766556e+02
4.41091909443425e+02
3.13632671241190e+02
2.85538033056316e+02
2.93429728517133e+02
3.68974832595244e+02
3.18021273933782e+02
3.02906486851557e+02
2.98388535460798e+02
3.21260704871221e+02
2.86998204385913e+02
3.94052909529437e+02
2.83532292747453e+02
2.39021334811753e+02
5.16031186888441e+02
2.45579480107326e+02
2.00806938761654e+02
2.29192254859398e+02
1.86909357597731e+02
1.95528422307862e+02
2.50483600038202e+02
5.37258198640911e+01
2.02252839943994e+02
1.61676078179914e+02
1.79814279904104e+02
1.49776808418376e+02
1.65295835623780e+02
2.22128443777328e+02
1.34262571966666e+02
1.25185298400597e+02
6.66886461571492e+02
7.83538502728357e+02
6.21310151217696e+02
2.94015105072451e+02
8.23729360563541e+02
7.46521710437295e+02
6.96508245157429e+02
4.04104737603640e+02
2.79459055839994e+02
5.68146802152428e+02
1.05866266724179e+03
8.44308911282088e+02
5.61007018868944e+02
7.94788118294021e+02
3.99991957551539e+02
3.01428833234876e+02
2.90365783460327e+02
5.70619496114241e+02
1.14648207451447e+03
5.92769879246364e+02
3.91293628046683e+02
3.36231096508403e+02
3.05584296422579e+02
2.96256763836159e+02
2.77343050615260e+02
3.24628966266607e+02
3.05889820081006e+02
3.29327796445182e+02
2.57676748014244e+02
3.02197789949471e+02
1.89304454342386e+02
1.74211583459540e+02
1.78913150627251e+02
2.04520828110056e+02
2.20851756113205e+02
1.84748039518569e+02
2.08217766326298e+02
2.84926345589263e+02
1.95022157651986e+02
3.84726313063428e+02
1.74124367732708e+02
1.37786478281411e+02
1.17412998793579e+02
1.36866579950076e+02
1.96810758547665e+02
1.47004293181371e+02
3.41739424997335e+02
3.09756782890149e+02
1.88220028157888e+02
7.47644041631682e+02
6.61068741775698e+02
6.04112001302619e+02
2.94260771150469e+02
9.04504730296332e+02
6.60078319554998e+02
6.88202790958970e+02
3.60590731074218e+02
2.90631375146032e+02
5.07348524148271e+02
1.10001434312238e+03
7.60634140441106e+02
7.04345864808612e+02
5.89631007845656e+02
3.49529327459697e+02
2.94429530197335e+02
3.11465195878095e+02
7.67285095748601e+02
6.33290227846378e+02
4.52161658109258e+02
3.24692944631907e+02
2.95271609264820e+02
2.86694271646302e+02
2.56468449475747e+02
1.62955038054161e+02
2.22533725984143e+02
2.45262484529328e+02
1.88923074664822e+02
2.14758898855844e+02
1.28872586514469e+02
1.22737137535291e+02
1.57746834928722e+02
3.18000948331163e+02
1.04371172683412e+02
1.20087371053183e+02
1.70634449551203e+02
1.29648539947993e+02
3.04741723515202e+02
3.21574435542009e+02
2.42908414646719e+02
2.00684189351396e+02
1.67595862914911e+02
2.34861933989676e+02
1.79435377324905e+02
4.07840449471344e+02
4.54163663740924e+02
3.54216621700717e+02
3.00859387226142e+02
2.05124940447037e+02
7.66814385568776e+02
5.91528925771485e+02
5.52610540836742e+02
2.89411609692426e+02
5.14461730062508e+02
1.01064793590741e+03
5.59922266060955e+02
6.55704871568364e+02
3.26973760656115e+02
2.78401932335073e+02
6.06399676819414e+02
8.87891139857563e+02
5.66716417420115e+02
7.35141868860532e+02
4.55390032932730e+02
3.04162761345467e+02
2.80002093147693e+02
1.91894796469220e+02
8.11753228577649e+02
4.24509967266973e+02
2.89399334995484e+02
2.56517902916350e+02
2.35470441197272e+02
2.22950191267495e+02
1.53905183711418e+02
1.48298139596599e+02
2.70542728966835e+02
2.08289891020003e+02
2.33416080069245e+02
1.35075806123365e+02
1.24404991500095e+02
1.62506588956154e+02
3.69341365370057e+02
2.93460792190704e+02
1.22309288966974e+02
9.69411036304618e+01
2.29462022993920e+02
2.75863773990416e+02
2.40204348521386e+02
2.42943879168675e+02
1.76437451478847e+02
3.05181698955289e+02
7.25054244447477e+01
1.66328466831191e+02
2.06790963221937e+02
1.91789893886378e+02
2.11875986569787e+02
1.51296704519545e+02
2.75255659568136e+02
3.37695443949134e+02
7.97722758033457e+02
5.98528672287797e+02
3.98709022115982e+02
2.78146225350451e+02
4.95852154232353e+02
6.99395929084808e+02
5.41480937469645e+02
4.21305888199663e+02
2.63746587170760e+02
2.38789370569428e+02
6.01213785337975e+02
4.94568923076466e+02
3.41530364903057e+02
5.02579151205665e+02
2.64428188856088e+02
2.11718276319734e+02
1.94396342051570e+02
1.23200887157415e+02
3.54667174220878e+02
2.60231763451900e+02
1.94907781442465e+02
1.86936309069468e+02
1.91441629099651e+02
1.69839759115038e+02
1.01102244429385e+02
2.59930506734338e+02
8.64605007963142e+01
9.86681473016850e+01
5.81592664598687e+01
5.49683420313619e+01
7.51646546030424e+01
1.78221631547854e+02
1.95243114103673e+02
2.27453904771839e+02
1.38821401237233e+02
1.74578097141081e+02
1.65011965416286e+02
1.88227442927226e+02
1.29517910900087e+02
2.36933675560559e+02
3.10478836413964e+02
2.40142610822800e+02
7.67110958575504e+01
7.52810053426833e+01
9.04253099697613e+01
6.61912995128582e+01
1.34080774023303e+02
2.09067087216120e+02
2.03871283883077e+02
2.12507772977099e+02
6.44920515207270e+02
4.87883513028891e+02
2.90938281523306e+02
2.19561830585752e+02
3.94179533572792e+02
3.78891778876997e+02
3.72952996489975e+02
2.35797226248380e+02
1.77282754938198e+02
1.33553202799731e+02
4.11468018098509e+02
2.93248329060655e+02
2.81913583573599e+02
2.47919193754831e+02
1.57857128982344e+02
1.44262946489851e+02
1.43705820419162e+02
1.00412187817643e+02
1.06504806100933e+02
7.53336736524141e+01
6.98491927015660e+01
6.76632801872575e+01
6.86790101581980e+01
4.98816950675836e+01
5.06993794532143e+01
1.54562066919738e+02
3.01902380495686e+01
1.79696422453746e+01
1.72785663598664e+01
2.44214119542318e+01
6.00307770831068e+01
7.41933911499820e+01
9.80290389167904e+01
1.95637608662374e+02
5.25735759204698e+01
6.44908247439248e+01
4.76957075120280e+01
1.00893011359697e+02
1.69948222992772e+02
1.75152315121346e+02
2.34613164891535e+02
2.03024556609576e+02
8.20448562740473e+01
6.11250101594418e+01
1.32203569875710e+02
2.35359737497560e+02
2.57958664738831e+02
4.05406084943962e+02
2.63623125248554e+02
1.82413086725209e+02
2.78524171103222e+02
3.57949082973795e+02
3.11378068000834e+02
1.81715510228380e+02
1.58064200527098e+02
2.91764613774798e+02
2.26051145711147e+02
2.50943629135657e+02
1.45799703949135e+02
1.31572573706569e+02
8.62966330525048e+01
1.48276246246194e+02
9.77854081132648e+01
1.31035143566568e+02
8.52642158567302e+01
6.17569225232665e+01
6.34083807727391e+01
4.59443473106425e+01
8.82284583079896e+01
4.51941148869478e+01
3.44387588895564e+01
3.37099839104892e+01
3.50585767522571e+01
3.15582187940433e+01
1.86793481154107e+01
4.60050859830711e+01
8.96281400270721e+01
2.12873414707709e+01
1.93088072953037e+01
2.56784055233637e+01
5.57265680036211e+01
7.00282238252170e+01
9.57621687520084e+01
2.40066962182446e+02
3.14811231650867e+02
5.06195491593886e+01
1.09409701752093e+02
2.02958411555428e+02
2.35741299168414e+02
4.16877599717529e+02
3.00447794435972e+02
1.09937380862837e+02
8.72292502315927e+01
1.35168821906539e+02
2.59072802437955e+02
3.14096853817376e+02
6.01679426649477e+02
4.66108275852875e+02
1.55181468539767e+02
1.40306076732621e+02
1.18600184154713e+02
2.17820706877244e+02
2.11413618127886e+02
2.12784485104848e+02
1.22448995788856e+02
9.65296837755694e+01
7.60692013804676e+01
1.55828318531793e+02
9.08240685574584e+01
1.13237446228227e+02
6.21227945533854e+01
5.88852301905218e+01
4.31509209090103e+01
8.28794961250871e+01
5.83921279442639e+01
8.71640461054665e+01
4.65451878933715e+01
3.88086517841612e+01
3.71393777038280e+01
2.27557081925913e+01
6.01237105660726e+01
4.93548882745819e+01
4.55228064820167e+01
4.30214265645168e+01
4.32318880236082e+01
2.91144240377687e+01
2.49004338331380e+01
6.50319139266817e+01
2.03855170595174e+02
2.38471741797591e+01
3.05029578386142e+01
5.73426690788446e+01
7.07322904034469e+01
9.46603408191511e+01
2.73425289258919e+02
5.01663158781162e+02
1.44712264066707e+02
2.13538523896734e+02
2.67154207398757e+02
5.42629775606410e+02
4.36882111856862e+02
1.46402710993042e+02
1.44529039057813e+02
1.88259529789410e+02
1.74732522169347e+02
3.40813633758227e+02
7.18734286964750e+02
5.96905170592722e+02
2.06621535350474e+02
2.16166365289552e+02
3.28607944382559e+02
3.00996985628462e+02
2.95162432130463e+02
1.15117430276146e+02
9.65798188997619e+01
9.89448550808479e+01
5.88561547914636e+01
4.17705422943425e+01
6.78968782297603e+01
9.91811160287274e+01
7.92325212688259e+01
6.37831113976374e+01
4.28682728812062e+01
4.05288904439713e+01
3.84980928256239e+01
9.57511477588876e+01
9.24799950504027e+01
8.04878656905081e+01
5.17847362443244e+01
4.73092190701613e+01
4.65009700210274e+01
2.63821335495413e+01
8.08961519709845e+01
5.58062553805967e+01
5.48783275922538e+01
5.65061476377326e+01
5.00069597197229e+01
2.73894592957464e+01
4.77914193744012e+01
8.57145358841436e+01
4.63001738937967e+02
3.45405030062858e+01
5.96494610427569e+01
7.25305994528318e+01
9.48639968429118e+01
2.92528580970039e+02
6.26577410931112e+02
2.09060642224032e+02
3.24980114988492e+02
6.58869727087290e+02
5.57894931977471e+02
1.93846892092602e+02
2.08983662382817e+02
3.57099022835378e+02
3.64296952313173e+02
2.85397306678584e+02
2.52691490526787e+02
1.09899360144651e+03
3.90565490452456e+02
4.35066258663219e+02
8.09720536745407e+02
9.08601971476393e+02
8.14753038052464e+02
5.26772645630118e+02
3.73832735190149e+02
1.15708484872436e+02
9.17292854010499e+01
6.54996316680660e+01
4.98751511144508e+01
2.95734980472005e+01
1.10633689717574e+02
1.09622457390839e+02
1.10000248530814e+02
7.09609662161412e+01
5.53901198390986e+01
4.21257864057130e+01
5.81172083913210e+01
1.02173274700835e+02
1.37310305630505e+02
8.84412016765380e+01
6.47291818414588e+01
6.55309360715023e+01
4.50865333262598e+01
4.89746749239757e+01
2.13282822917300e+02
7.03649267328508e+01
6.76367803495670e+01
6.97130168270560e+01
4.79180432774157e+01
3.90568662001216e+01
8.21749562780052e+01
2.72059693344373e+02
4.36355004027682e+02
9.01271090369352e+01
1.10599901817540e+02
1.44931897863084e+02
4.79029877759671e+02
1.14991396444826e+03
4.19552372890009e+02
9.19528260009568e+02
6.93598875455018e+02
3.88525433091557e+02
4.47308113624112e+02
8.88933171792341e+02
1.07556102276398e+03
1.07093627947708e+03
7.76364132736893e+02
6.11595335509929e+02
4.73012762189749e+02
2.15141459514719e+02
4.51157913034182e+02
5.82802595495271e+02
6.31932290962316e+02
5.11103420871910e+02
4.82137764423240e+02
4.74506662630122e+02
5.41574541842859e+02
1.23094445527306e+02
9.68454410268025e+01
6.18218285641644e+01
5.12748158712242e+01
4.10001411814567e+01
1.20336727418926e+02
9.58261300956314e+01
1.07410489230534e+02
6.34993051400101e+01
5.82583354280022e+01
3.58841250645530e+01
7.63239943407981e+01
8.05658550256852e+01
1.22454704919305e+02
6.72324862645334e+01
5.83796980875756e+01
5.78718686175257e+01
3.60555591915788e+01
6.31244989564530e+01
5.08190454340880e+02
5.90226032217594e+01
6.23983142913189e+01
5.72286019002586e+01
3.24963048430143e+01
5.38911377885856e+01
9.46890305606492e+01
6.83573183254604e+02
6.52622717929226e+02
3.89324787133075e+01
4.68557180366930e+01
1.56766513528316e+02
4.10046032847636e+02
1.68113595649952e+02
4.58231944976025e+02
5.04911774258875e+02
4.62182249932801e+02
2.93313657439154e+02
3.95639938114954e+02
4.52516074608369e+02
3.87274148162186e+02
4.00520996462809e+02
4.41125395829948e+02
6.02424406729781e+02
6.87298581770709e+02
1.36453230080957e+02
1.62847353528114e+02
1.45766258856271e+02
1.61185306032647e+02
1.93858502422100e+02
3.11117406208140e+02
4.31719839198942e+02
2.58959886700074e+02
7.39564816652406e+01
9.97130563645129e+01
8.97120693768301e+01
5.57195136389690e+01
5.11561035033468e+01
4.92469031957510e+01
5.74255636788174e+01
1.20280295962349e+02
7.23741830271229e+01
9.21439270722261e+01
5.23175393406511e+01
5.11960689801374e+01
3.26626246283320e+01
1.64266645140025e+02
8.32218824876998e+01
7.46490136514956e+01
5.00826371230264e+01
4.81619489547475e+01
5.06265384954035e+01
2.94610306082730e+01
7.06763522244942e+01
4.18308105633720e+02
2.94248100447283e+01
3.11773761481269e+01
2.19869445432862e+01
1.72141849202913e+01
2.94044993418772e+01
7.55340122108211e+01
1.80138610170059e+02
3.77155386587189e+02
1.47900632922163e+01
3.07637686070770e+01
7.38567550818292e+01
3.30706869110081e+01
1.02305496785622e+02
1.34467308127368e+02
1.65481837786894e+02
3.78380970756040e+02
1.14822893043971e+02
1.05401021256749e+02
1.20920750535407e+02
1.50332450390426e+02
2.59936228655536e+02
3.75059372943265e+02
2.77894947383527e+02
3.24456247993156e+02
