Topography in a separate list
2
39
0 0
9.99 0.26
19.91 0.77
29.85 1.71
39.64 3.05
49.52 4.21
59.35 5.37
69.2 5.22
79.29 6.04
89.2 7.3
99.19 8.22
109.23 8.32
119.26 8.72
129.08 10
138.69 11.76
148.4 14.14
158.07 16.71
167.87 16.73
177.55 19.44
187.03 22.21
196.97 23.37
206.8 24.84
216.98 25.92
226.49 27.7
236.26 28.88
246.35 30.23
256.21 30.83
266.02 31.32
275.46 34.52
285.33 36.62
295.19 36.99
305.2 37.99
315.23 38.19
325.07 38.65
335.19 40.32
344.42 43.33
354.16 45.32
364.02 46.05
378.74 45.93
0
0
0
0
