Topography in a separate list
2
105
0 0
8 0.46
18.52 2.31
28.4 3.02
38.51 3.47
48.46 3.39
58.36 2.99
68.45 2.91
78.42 2.4
88.41 2.32
98.36 3.82
107.91 6.63
117.83 8
137.73 8.47
147.5 8.3
157.09 9.91
167.26 10.59
177.09 11.24
187.11 11.19
197.09 10.44
206.77 12.06
216.48 13.76
226.47 14.1
236.43 15.5
246.39 16.22
256.3 16.88
266.33 17.46
276.23 17.96
286.19 18.29
296.12 18.61
306.68 19.42
316.3 20.1
326.22 21.34
336.13 22.59
346.06 23.07
356.02 24.04
365.86 25.43
375.85 26.25
385.89 27.13
395.02 28.6
405.69 29.56
415.65 30.31
425.76 31.19
435.59 32.1
445.43 33.79
455.37 34.17
465.37 35.28
475.32 36.45
485.26 37.27
494.76 38.48
504.73 39.45
514.11 40.4
524.48 41.79
534.42 43.1
544.35 44.28
554.15 45.8
564.02 47.07
573.81 47.87
583.83 49.53
593.99 50.02
603.78 51.45
613.7 53.09
623.46 55
633.26 56.45
643.22 57.77
653.14 59.08
662.85 60.85
672.55 62.17
692.43 64.71
701.98 66.24
712.06 67.84
721.98 68.92
731.87 69.8
741.8 71.27
752.25 72.63
761.58 73.97
771.77 74.76
780.71 76.49
791.24 78.13
801.11 79.43
811.07 80.46
821.16 81.96
830.88 83.01
840.8 83.69
850.6 84.57
860.72 85.42
870.3 85.83
880.55 87.08
900.34 88.72
910.22 88.9
920.38 88.67
930.34 89.71
940.22 90.68
949.97 89
959.8 90.29
969.33 92.84
978.57 96.65
988.14 99.54
997.87 100.79
1007.63 102.27
1016.4 106.13
1025.43 110.41
1034.47 114.7
1043.51 118.98
1052.54 123.26
0
0
0
0