Project9 Gradient XL_1
2.50
11
15
Type of measurement (0=app.resistivity,1=resistance)
1
1478
2
0
4 0.00 0.00 22.50 0.00 2.50 0.00 5.00 0.00 18.6534
4 0.00 0.00 22.50 0.00 5.00 0.00 7.50 0.00 5.40435
4 2.50 0.00 25.00 0.00 5.00 0.00 7.50 0.00 14.1628
4 0.00 0.00 22.50 0.00 7.50 0.00 10.00 0.00 3.68124
4 0.00 0.00 22.50 0.00 10.00 0.00 12.50 0.00 2.61745
4 2.50 0.00 25.00 0.00 7.50 0.00 10.00 0.00 6.42865
4 0.00 0.00 22.50 0.00 12.50 0.00 15.00 0.00 2.68678
4 2.50 0.00 25.00 0.00 10.00 0.00 12.50 0.00 3.38679
4 5.00 0.00 27.50 0.00 7.50 0.00 10.00 0.00 18.0463
4 0.00 0.00 22.50 0.00 15.00 0.00 17.50 0.00 4.43634
4 2.50 0.00 25.00 0.00 12.50 0.00 15.00 0.00 2.61455
4 5.00 0.00 27.50 0.00 10.00 0.00 12.50 0.00 5.99241
4 0.00 0.00 22.50 0.00 17.50 0.00 20.00 0.00 9.37282
4 7.50 0.00 30.00 0.00 10.00 0.00 12.50 0.00 18.2166
4 2.50 0.00 25.00 0.00 15.00 0.00 17.50 0.00 3.16781
4 5.00 0.00 27.50 0.00 12.50 0.00 15.00 0.00 3.28812
4 0.00 0.00 45.00 0.00 5.00 0.00 10.00 0.00 7.63848
4 7.50 0.00 30.00 0.00 12.50 0.00 15.00 0.00 6.07946
4 5.00 0.00 27.50 0.00 15.00 0.00 17.50 0.00 2.90272
4 2.50 0.00 25.00 0.00 17.50 0.00 20.00 0.00 4.21569
4 10.00 0.00 32.50 0.00 12.50 0.00 15.00 0.00 20.2854
4 2.50 0.00 25.00 0.00 20.00 0.00 22.50 0.00 18.9278
4 0.00 0.00 45.00 0.00 10.00 0.00 15.00 0.00 2.68266
4 5.00 0.00 27.50 0.00 17.50 0.00 20.00 0.00 2.61441
4 2.50 0.00 47.50 0.00 7.50 0.00 12.50 0.00 8.37529
4 7.50 0.00 30.00 0.00 15.00 0.00 17.50 0.00 3.74436
4 10.00 0.00 32.50 0.00 15.00 0.00 17.50 0.00 7.15583
4 7.50 0.00 30.00 0.00 17.50 0.00 20.00 0.00 2.47692
4 5.00 0.00 27.50 0.00 20.00 0.00 22.50 0.00 5.92706
4 12.50 0.00 35.00 0.00 15.00 0.00 17.50 0.00 19.3836
4 10.00 0.00 32.50 0.00 17.50 0.00 20.00 0.00 3.19826
4 7.50 0.00 30.00 0.00 20.00 0.00 22.50 0.00 3.83775
4 2.50 0.00 47.50 0.00 12.50 0.00 17.50 0.00 2.87611
4 5.00 0.00 27.50 0.00 22.50 0.00 25.00 0.00 10.8866
4 0.00 0.00 45.00 0.00 15.00 0.00 20.00 0.00 1.86093
4 5.00 0.00 50.00 0.00 10.00 0.00 15.00 0.00 8.01997
4 12.50 0.00 35.00 0.00 17.50 0.00 20.00 0.00 5.22011
4 10.00 0.00 32.50 0.00 20.00 0.00 22.50 0.00 3.61261
4 7.50 0.00 30.00 0.00 22.50 0.00 25.00 0.00 3.80207
4 10.00 0.00 32.50 0.00 22.50 0.00 25.00 0.00 2.55015
4 7.50 0.00 30.00 0.00 25.00 0.00 27.50 0.00 16.057
4 15.00 0.00 37.50 0.00 17.50 0.00 20.00 0.00 14.361
4 0.00 0.00 45.00 0.00 20.00 0.00 25.00 0.00 2.05033
4 2.50 0.00 47.50 0.00 17.50 0.00 22.50 0.00 2.22218
4 5.00 0.00 50.00 0.00 15.00 0.00 20.00 0.00 2.94611
4 12.50 0.00 35.00 0.00 20.00 0.00 22.50 0.00 4.24935
4 7.50 0.00 52.50 0.00 12.50 0.00 17.50 0.00 8.50841
4 15.00 0.00 37.50 0.00 20.00 0.00 22.50 0.00 6.6418
4 10.00 0.00 32.50 0.00 25.00 0.00 27.50 0.00 5.50058
4 12.50 0.00 35.00 0.00 22.50 0.00 25.00 0.00 2.32232
4 12.50 0.00 35.00 0.00 25.00 0.00 27.50 0.00 3.56174
4 10.00 0.00 55.00 0.00 15.00 0.00 20.00 0.00 9.10694
4 10.00 0.00 32.50 0.00 27.50 0.00 30.00 0.00 17.0247
4 15.00 0.00 37.50 0.00 22.50 0.00 25.00 0.00 2.61244
4 2.50 0.00 47.50 0.00 22.50 0.00 27.50 0.00 2.09539
4 5.00 0.00 50.00 0.00 20.00 0.00 25.00 0.00 2.29066
4 7.50 0.00 52.50 0.00 17.50 0.00 22.50 0.00 3.22387
4 0.00 0.00 45.00 0.00 25.00 0.00 30.00 0.00 2.64357
4 17.50 0.00 40.00 0.00 20.00 0.00 22.50 0.00 18.7539
4 15.00 0.00 37.50 0.00 25.00 0.00 27.50 0.00 3.1967
4 12.50 0.00 35.00 0.00 27.50 0.00 30.00 0.00 5.20889
4 17.50 0.00 40.00 0.00 22.50 0.00 25.00 0.00 4.00888
4 15.00 0.00 37.50 0.00 27.50 0.00 30.00 0.00 3.355
4 12.50 0.00 57.50 0.00 17.50 0.00 22.50 0.00 8.01291
4 0.00 0.00 45.00 0.00 30.00 0.00 35.00 0.00 3.66562
4 10.00 0.00 55.00 0.00 20.00 0.00 25.00 0.00 3.39098
4 12.50 0.00 35.00 0.00 30.00 0.00 32.50 0.00 18.2606
4 20.00 0.00 42.50 0.00 22.50 0.00 25.00 0.00 9.20378
4 5.00 0.00 50.00 0.00 25.00 0.00 30.00 0.00 2.39062
4 7.50 0.00 52.50 0.00 22.50 0.00 27.50 0.00 2.20717
4 2.50 0.00 47.50 0.00 27.50 0.00 32.50 0.00 2.75285
4 17.50 0.00 40.00 0.00 25.00 0.00 27.50 0.00 3.61107
4 15.00 0.00 37.50 0.00 30.00 0.00 32.50 0.00 5.90654
4 20.00 0.00 42.50 0.00 25.00 0.00 27.50 0.00 5.21592
4 17.50 0.00 40.00 0.00 27.50 0.00 30.00 0.00 2.96873
4 15.00 0.00 60.00 0.00 20.00 0.00 25.00 0.00 7.87095
4 12.50 0.00 57.50 0.00 22.50 0.00 27.50 0.00 2.95778
4 0.00 0.00 90.00 0.00 10.00 0.00 20.00 0.00 3.63122
4 5.00 0.00 50.00 0.00 30.00 0.00 35.00 0.00 2.76229
4 10.00 0.00 55.00 0.00 25.00 0.00 30.00 0.00 2.56141
4 0.00 0.00 45.00 0.00 35.00 0.00 40.00 0.00 6.90574
4 20.00 0.00 42.50 0.00 27.50 0.00 30.00 0.00 3.17986
4 2.50 0.00 47.50 0.00 32.50 0.00 37.50 0.00 3.43413
4 15.00 0.00 37.50 0.00 32.50 0.00 35.00 0.00 16.6727
4 7.50 0.00 52.50 0.00 27.50 0.00 32.50 0.00 2.42231
4 22.50 0.00 45.00 0.00 25.00 0.00 27.50 0.00 18.2383
4 17.50 0.00 40.00 0.00 30.00 0.00 32.50 0.00 3.74074
4 22.50 0.00 45.00 0.00 27.50 0.00 30.00 0.00 5.33106
4 17.50 0.00 40.00 0.00 32.50 0.00 35.00 0.00 5.67577
4 20.00 0.00 42.50 0.00 30.00 0.00 32.50 0.00 3.21855
4 10.00 0.00 55.00 0.00 30.00 0.00 35.00 0.00 2.47321
4 22.50 0.00 45.00 0.00 30.00 0.00 32.50 0.00 3.61503
4 17.50 0.00 40.00 0.00 35.00 0.00 37.50 0.00 15.4297
4 2.50 0.00 92.50 0.00 12.50 0.00 22.50 0.00 4.05754
4 2.50 0.00 47.50 0.00 37.50 0.00 42.50 0.00 6.57862
4 7.50 0.00 52.50 0.00 32.50 0.00 37.50 0.00 2.47076
4 12.50 0.00 57.50 0.00 27.50 0.00 32.50 0.00 2.56278
4 15.00 0.00 60.00 0.00 25.00 0.00 30.00 0.00 3.29062
4 17.50 0.00 62.50 0.00 22.50 0.00 27.50 0.00 6.15728
4 25.00 0.00 47.50 0.00 27.50 0.00 30.00 0.00 12.3856
4 20.00 0.00 42.50 0.00 32.50 0.00 35.00 0.00 3.56553
4 5.00 0.00 50.00 0.00 35.00 0.00 40.00 0.00 3.03674
4 22.50 0.00 45.00 0.00 32.50 0.00 35.00 0.00 3.13384
4 25.00 0.00 47.50 0.00 30.00 0.00 32.50 0.00 4.81706
4 20.00 0.00 42.50 0.00 35.00 0.00 37.50 0.00 5.35202
4 7.50 0.00 52.50 0.00 37.50 0.00 42.50 0.00 2.68437
4 5.00 0.00 95.00 0.00 15.00 0.00 25.00 0.00 4.23347
4 25.00 0.00 47.50 0.00 32.50 0.00 35.00 0.00 3.27038
4 10.00 0.00 55.00 0.00 35.00 0.00 40.00 0.00 2.30652
4 12.50 0.00 57.50 0.00 32.50 0.00 37.50 0.00 2.28743
4 20.00 0.00 65.00 0.00 25.00 0.00 30.00 0.00 6.70774
4 5.00 0.00 50.00 0.00 40.00 0.00 45.00 0.00 6.08776
4 15.00 0.00 60.00 0.00 30.00 0.00 35.00 0.00 2.59745
4 20.00 0.00 42.50 0.00 37.50 0.00 40.00 0.00 14.2058
4 17.50 0.00 62.50 0.00 27.50 0.00 32.50 0.00 3.24655
4 22.50 0.00 45.00 0.00 35.00 0.00 37.50 0.00 3.36217
4 0.00 0.00 90.00 0.00 20.00 0.00 30.00 0.00 2.24595
4 27.50 0.00 50.00 0.00 30.00 0.00 32.50 0.00 15.3726
4 22.50 0.00 45.00 0.00 37.50 0.00 40.00 0.00 4.99401
4 25.00 0.00 47.50 0.00 35.00 0.00 37.50 0.00 2.89064
4 27.50 0.00 50.00 0.00 32.50 0.00 35.00 0.00 5.20204
4 2.50 0.00 92.50 0.00 22.50 0.00 32.50 0.00 2.30191
4 20.00 0.00 65.00 0.00 30.00 0.00 35.00 0.00 3.23289
4 15.00 0.00 60.00 0.00 35.00 0.00 40.00 0.00 2.14029
4 7.50 0.00 97.50 0.00 17.50 0.00 27.50 0.00 4.34201
4 27.50 0.00 50.00 0.00 35.00 0.00 37.50 0.00 3.13826
4 7.50 0.00 52.50 0.00 42.50 0.00 47.50 0.00 5.48538
4 22.50 0.00 67.50 0.00 27.50 0.00 32.50 0.00 7.22342
4 12.50 0.00 57.50 0.00 37.50 0.00 42.50 0.00 2.07414
4 10.00 0.00 55.00 0.00 40.00 0.00 45.00 0.00 2.62727
4 30.00 0.00 52.50 0.00 32.50 0.00 35.00 0.00 16.9441
4 17.50 0.00 62.50 0.00 32.50 0.00 37.50 0.00 2.4535
4 22.50 0.00 45.00 0.00 40.00 0.00 42.50 0.00 11.7925
4 25.00 0.00 47.50 0.00 37.50 0.00 40.00 0.00 3.24489
4 25.00 0.00 47.50 0.00 40.00 0.00 42.50 0.00 4.62029
4 27.50 0.00 50.00 0.00 37.50 0.00 40.00 0.00 2.77621
4 30.00 0.00 52.50 0.00 35.00 0.00 37.50 0.00 4.97172
4 32.50 0.00 55.00 0.00 35.00 0.00 37.50 0.00 17.3122
4 10.00 0.00 100.00 0.00 20.00 0.00 30.00 0.00 4.7861
4 10.00 0.00 55.00 0.00 45.00 0.00 50.00 0.00 5.70038
4 0.00 0.00 90.00 0.00 30.00 0.00 40.00 0.00 1.78341
4 5.00 0.00 95.00 0.00 25.00 0.00 35.00 0.00 2.55764
4 20.00 0.00 65.00 0.00 35.00 0.00 40.00 0.00 2.27614
4 17.50 0.00 62.50 0.00 37.50 0.00 42.50 0.00 1.95122
4 25.00 0.00 47.50 0.00 42.50 0.00 45.00 0.00 15.9167
4 25.00 0.00 70.00 0.00 30.00 0.00 35.00 0.00 6.37193
4 15.00 0.00 60.00 0.00 40.00 0.00 45.00 0.00 2.04228
4 22.50 0.00 67.50 0.00 32.50 0.00 37.50 0.00 3.25802
4 12.50 0.00 57.50 0.00 42.50 0.00 47.50 0.00 2.61213
4 27.50 0.00 50.00 0.00 40.00 0.00 42.50 0.00 2.72807
4 30.00 0.00 52.50 0.00 37.50 0.00 40.00 0.00 3.13104
4 32.50 0.00 55.00 0.00 37.50 0.00 40.00 0.00 5.33212
4 30.00 0.00 52.50 0.00 40.00 0.00 42.50 0.00 2.44294
4 27.50 0.00 50.00 0.00 42.50 0.00 45.00 0.00 4.72164
4 35.00 0.00 57.50 0.00 37.50 0.00 40.00 0.00 16.456
4 32.50 0.00 55.00 0.00 40.00 0.00 42.50 0.00 2.98682
4 7.50 0.00 97.50 0.00 27.50 0.00 37.50 0.00 2.52194
4 2.50 0.00 92.50 0.00 32.50 0.00 42.50 0.00 1.69004
4 20.00 0.00 65.00 0.00 40.00 0.00 45.00 0.00 1.8733
4 30.00 0.00 52.50 0.00 42.50 0.00 45.00 0.00 2.94013
4 22.50 0.00 67.50 0.00 37.50 0.00 42.50 0.00 2.16684
4 12.50 0.00 57.50 0.00 47.50 0.00 52.50 0.00 5.83022
4 15.00 0.00 60.00 0.00 45.00 0.00 50.00 0.00 2.82865
4 17.50 0.00 62.50 0.00 42.50 0.00 47.50 0.00 2.05377
4 27.50 0.00 72.50 0.00 32.50 0.00 37.50 0.00 6.91475
4 25.00 0.00 70.00 0.00 35.00 0.00 40.00 0.00 3.00896
4 27.50 0.00 50.00 0.00 45.00 0.00 47.50 0.00 11.8862
4 35.00 0.00 57.50 0.00 40.00 0.00 42.50 0.00 5.10636
4 32.50 0.00 55.00 0.00 42.50 0.00 45.00 0.00 2.77702
4 30.00 0.00 52.50 0.00 45.00 0.00 47.50 0.00 4.0007
4 35.00 0.00 57.50 0.00 42.50 0.00 45.00 0.00 3.33804
4 32.50 0.00 55.00 0.00 45.00 0.00 47.50 0.00 2.73944
4 0.00 0.00 135.00 0.00 15.00 0.00 30.00 0.00 3.33657
4 5.00 0.00 95.00 0.00 35.00 0.00 45.00 0.00 1.60848
4 0.00 0.00 90.00 0.00 40.00 0.00 50.00 0.00 1.3281
4 25.00 0.00 70.00 0.00 40.00 0.00 45.00 0.00 2.08391
4 15.00 0.00 105.00 0.00 25.00 0.00 35.00 0.00 4.63085
4 20.00 0.00 65.00 0.00 45.00 0.00 50.00 0.00 2.1388
4 10.00 0.00 100.00 0.00 30.00 0.00 40.00 0.00 2.52756
4 37.50 0.00 60.00 0.00 40.00 0.00 42.50 0.00 15.2937
4 15.00 0.00 60.00 0.00 50.00 0.00 55.00 0.00 6.46243
4 17.50 0.00 62.50 0.00 47.50 0.00 52.50 0.00 2.94415
4 22.50 0.00 67.50 0.00 42.50 0.00 47.50 0.00 1.93162
4 30.00 0.00 75.00 0.00 35.00 0.00 40.00 0.00 6.78231
4 27.50 0.00 72.50 0.00 37.50 0.00 42.50 0.00 2.94685
4 30.00 0.00 52.50 0.00 47.50 0.00 50.00 0.00 12.074
4 37.50 0.00 60.00 0.00 42.50 0.00 45.00 0.00 5.43909
4 35.00 0.00 57.50 0.00 45.00 0.00 47.50 0.00 2.59141
4 32.50 0.00 55.00 0.00 47.50 0.00 50.00 0.00 4.57492
4 37.50 0.00 60.00 0.00 45.00 0.00 47.50 0.00 3.10408
4 35.00 0.00 57.50 0.00 47.50 0.00 50.00 0.00 3.14617
4 32.50 0.00 55.00 0.00 50.00 0.00 52.50 0.00 13.1383
4 32.50 0.00 77.50 0.00 37.50 0.00 42.50 0.00 7.13991
4 27.50 0.00 72.50 0.00 42.50 0.00 47.50 0.00 2.18434
4 7.50 0.00 97.50 0.00 37.50 0.00 47.50 0.00 1.51697
4 22.50 0.00 67.50 0.00 47.50 0.00 52.50 0.00 2.26249
4 30.00 0.00 75.00 0.00 40.00 0.00 45.00 0.00 2.96686
4 20.00 0.00 65.00 0.00 50.00 0.00 55.00 0.00 2.81915
4 2.50 0.00 92.50 0.00 42.50 0.00 52.50 0.00 1.35654
4 17.50 0.00 62.50 0.00 52.50 0.00 57.50 0.00 6.27823
4 40.00 0.00 62.50 0.00 42.50 0.00 45.00 0.00 14.704
4 25.00 0.00 70.00 0.00 45.00 0.00 50.00 0.00 2.01421
4 35.00 0.00 57.50 0.00 50.00 0.00 52.50 0.00 4.42082
4 0.00 0.00 150.00 0.00 15.00 0.00 30.00 0.00 3.30713
4 40.00 0.00 62.50 0.00 45.00 0.00 47.50 0.00 4.84816
4 37.50 0.00 60.00 0.00 47.50 0.00 50.00 0.00 3.10596
4 37.50 0.00 60.00 0.00 50.00 0.00 52.50 0.00 3.1141
4 35.00 0.00 57.50 0.00 52.50 0.00 55.00 0.00 14.2743
4 0.00 0.00 90.00 0.00 50.00 0.00 60.00 0.00 1.31697
4 20.00 0.00 110.00 0.00 30.00 0.00 40.00 0.00 4.38765
4 20.00 0.00 65.00 0.00 55.00 0.00 60.00 0.00 5.60025
4 5.00 0.00 95.00 0.00 45.00 0.00 55.00 0.00 1.33618
4 27.50 0.00 72.50 0.00 47.50 0.00 52.50 0.00 2.16441
4 35.00 0.00 80.00 0.00 40.00 0.00 45.00 0.00 7.27861
4 10.00 0.00 100.00 0.00 40.00 0.00 50.00 0.00 1.50772
4 15.00 0.00 105.00 0.00 35.00 0.00 45.00 0.00 2.20088
4 5.00 0.00 140.00 0.00 20.00 0.00 35.00 0.00 3.97021
4 22.50 0.00 67.50 0.00 52.50 0.00 57.50 0.00 2.70693
4 30.00 0.00 75.00 0.00 45.00 0.00 50.00 0.00 2.31267
4 32.50 0.00 77.50 0.00 42.50 0.00 47.50 0.00 3.15347
4 40.00 0.00 62.50 0.00 47.50 0.00 50.00 0.00 3.64041
4 42.50 0.00 65.00 0.00 45.00 0.00 47.50 0.00 12.0142
4 25.00 0.00 70.00 0.00 50.00 0.00 55.00 0.00 2.16139
4 37.50 0.00 60.00 0.00 52.50 0.00 55.00 0.00 4.90307
4 40.00 0.00 62.50 0.00 50.00 0.00 52.50 0.00 2.85295
4 42.50 0.00 65.00 0.00 47.50 0.00 50.00 0.00 5.55616
4 37.50 0.00 60.00 0.00 55.00 0.00 57.50 0.00 16.8384
4 7.50 0.00 97.50 0.00 47.50 0.00 57.50 0.00 1.3186
4 2.50 0.00 92.50 0.00 52.50 0.00 62.50 0.00 1.29495
4 0.00 0.00 135.00 0.00 30.00 0.00 45.00 0.00 2.01289
4 32.50 0.00 77.50 0.00 47.50 0.00 52.50 0.00 2.49235
4 27.50 0.00 72.50 0.00 52.50 0.00 57.50 0.00 2.08355
4 22.50 0.00 67.50 0.00 57.50 0.00 62.50 0.00 5.52154
4 30.00 0.00 75.00 0.00 50.00 0.00 55.00 0.00 2.04115
4 35.00 0.00 80.00 0.00 45.00 0.00 50.00 0.00 3.26875
4 37.50 0.00 82.50 0.00 42.50 0.00 47.50 0.00 7.33469
4 40.00 0.00 62.50 0.00 52.50 0.00 55.00 0.00 2.99141
4 42.50 0.00 65.00 0.00 50.00 0.00 52.50 0.00 3.17924
4 45.00 0.00 67.50 0.00 47.50 0.00 50.00 0.00 16.8175
4 25.00 0.00 70.00 0.00 55.00 0.00 60.00 0.00 2.48893
4 0.00 0.00 165.00 0.00 15.00 0.00 30.00 0.00 3.28684
4 40.00 0.00 62.50 0.00 55.00 0.00 57.50 0.00 4.71266
4 42.50 0.00 65.00 0.00 52.50 0.00 55.00 0.00 2.58902
4 45.00 0.00 67.50 0.00 50.00 0.00 52.50 0.00 5.02274
4 5.00 0.00 155.00 0.00 20.00 0.00 35.00 0.00 3.93969
4 5.00 0.00 95.00 0.00 55.00 0.00 65.00 0.00 1.25145
4 10.00 0.00 145.00 0.00 25.00 0.00 40.00 0.00 4.13321
4 35.00 0.00 80.00 0.00 50.00 0.00 55.00 0.00 2.37372
4 42.50 0.00 65.00 0.00 55.00 0.00 57.50 0.00 2.83737
4 37.50 0.00 82.50 0.00 47.50 0.00 52.50 0.00 3.50498
4 15.00 0.00 105.00 0.00 45.00 0.00 55.00 0.00 1.49151
4 20.00 0.00 110.00 0.00 40.00 0.00 50.00 0.00 2.06605
4 32.50 0.00 77.50 0.00 52.50 0.00 57.50 0.00 1.95252
4 40.00 0.00 85.00 0.00 45.00 0.00 50.00 0.00 7.19872
4 10.00 0.00 100.00 0.00 50.00 0.00 60.00 0.00 1.23779
4 25.00 0.00 115.00 0.00 35.00 0.00 45.00 0.00 4.12126
4 27.50 0.00 72.50 0.00 57.50 0.00 62.50 0.00 2.49055
4 45.00 0.00 67.50 0.00 52.50 0.00 55.00 0.00 2.88181
4 0.00 0.00 90.00 0.00 60.00 0.00 70.00 0.00 1.59642
4 40.00 0.00 62.50 0.00 57.50 0.00 60.00 0.00 13.6709
4 25.00 0.00 70.00 0.00 60.00 0.00 65.00 0.00 5.78531
4 47.50 0.00 70.00 0.00 50.00 0.00 52.50 0.00 12.977
4 30.00 0.00 75.00 0.00 55.00 0.00 60.00 0.00 1.8997
4 45.00 0.00 67.50 0.00 55.00 0.00 57.50 0.00 2.48781
4 0.00 0.00 150.00 0.00 30.00 0.00 45.00 0.00 1.96768
4 47.50 0.00 70.00 0.00 52.50 0.00 55.00 0.00 4.22144
4 42.50 0.00 65.00 0.00 57.50 0.00 60.00 0.00 4.07082
4 0.00 0.00 180.00 0.00 15.00 0.00 30.00 0.00 3.26526
4 7.50 0.00 97.50 0.00 57.50 0.00 67.50 0.00 1.17948
4 30.00 0.00 75.00 0.00 60.00 0.00 65.00 0.00 2.43811
4 47.50 0.00 70.00 0.00 55.00 0.00 57.50 0.00 2.74329
4 35.00 0.00 80.00 0.00 55.00 0.00 60.00 0.00 1.83687
4 32.50 0.00 77.50 0.00 57.50 0.00 62.50 0.00 1.86559
4 2.50 0.00 92.50 0.00 62.50 0.00 72.50 0.00 1.51598
4 40.00 0.00 85.00 0.00 50.00 0.00 55.00 0.00 3.13674
4 27.50 0.00 72.50 0.00 62.50 0.00 67.50 0.00 5.887
4 42.50 0.00 87.50 0.00 47.50 0.00 52.50 0.00 7.40416
4 42.50 0.00 65.00 0.00 60.00 0.00 62.50 0.00 13.6665
4 5.00 0.00 140.00 0.00 35.00 0.00 50.00 0.00 1.87711
4 37.50 0.00 82.50 0.00 52.50 0.00 57.50 0.00 2.20834
4 45.00 0.00 67.50 0.00 57.50 0.00 60.00 0.00 2.48444
4 50.00 0.00 72.50 0.00 52.50 0.00 55.00 0.00 11.8321
4 5.00 0.00 170.00 0.00 20.00 0.00 35.00 0.00 3.90509
4 47.50 0.00 70.00 0.00 57.50 0.00 60.00 0.00 2.17871
4 50.00 0.00 72.50 0.00 55.00 0.00 57.50 0.00 4.22888
4 45.00 0.00 67.50 0.00 60.00 0.00 62.50 0.00 4.30013
4 10.00 0.00 160.00 0.00 25.00 0.00 40.00 0.00 3.89521
4 20.00 0.00 110.00 0.00 50.00 0.00 60.00 0.00 1.37237
4 32.50 0.00 77.50 0.00 62.50 0.00 67.50 0.00 2.28168
4 0.00 0.00 90.00 0.00 70.00 0.00 80.00 0.00 3.01472
4 15.00 0.00 105.00 0.00 55.00 0.00 65.00 0.00 1.25711
4 15.00 0.00 150.00 0.00 30.00 0.00 45.00 0.00 3.86034
4 5.00 0.00 95.00 0.00 65.00 0.00 75.00 0.00 1.50811
4 25.00 0.00 115.00 0.00 45.00 0.00 55.00 0.00 2.13876
4 30.00 0.00 120.00 0.00 40.00 0.00 50.00 0.00 4.34826
4 52.50 0.00 75.00 0.00 55.00 0.00 57.50 0.00 13.0359
4 40.00 0.00 85.00 0.00 55.00 0.00 60.00 0.00 2.0505
4 42.50 0.00 87.50 0.00 52.50 0.00 57.50 0.00 2.81396
4 45.00 0.00 90.00 0.00 50.00 0.00 55.00 0.00 6.59975
4 10.00 0.00 100.00 0.00 60.00 0.00 70.00 0.00 1.15382
4 50.00 0.00 72.50 0.00 57.50 0.00 60.00 0.00 2.43873
4 0.00 0.00 135.00 0.00 45.00 0.00 60.00 0.00 1.16099
4 30.00 0.00 75.00 0.00 65.00 0.00 70.00 0.00 4.94039
4 35.00 0.00 80.00 0.00 60.00 0.00 65.00 0.00 1.92125
4 37.50 0.00 82.50 0.00 57.50 0.00 62.50 0.00 1.83311
4 47.50 0.00 70.00 0.00 60.00 0.00 62.50 0.00 2.76705
4 45.00 0.00 67.50 0.00 62.50 0.00 65.00 0.00 13.5296
4 0.00 0.00 195.00 0.00 15.00 0.00 30.00 0.00 3.25892
4 0.00 0.00 165.00 0.00 30.00 0.00 45.00 0.00 1.91709
4 52.50 0.00 75.00 0.00 57.50 0.00 60.00 0.00 3.75842
4 47.50 0.00 70.00 0.00 62.50 0.00 65.00 0.00 4.38065
4 50.00 0.00 72.50 0.00 60.00 0.00 62.50 0.00 2.47626
4 5.00 0.00 185.00 0.00 20.00 0.00 35.00 0.00 3.89586
4 5.00 0.00 155.00 0.00 35.00 0.00 50.00 0.00 1.81507
4 2.50 0.00 92.50 0.00 72.50 0.00 82.50 0.00 2.84821
4 10.00 0.00 145.00 0.00 40.00 0.00 55.00 0.00 1.79992
4 7.50 0.00 97.50 0.00 67.50 0.00 77.50 0.00 1.5157
4 50.00 0.00 72.50 0.00 62.50 0.00 65.00 0.00 2.71695
4 47.50 0.00 92.50 0.00 52.50 0.00 57.50 0.00 5.69855
4 40.00 0.00 85.00 0.00 60.00 0.00 65.00 0.00 1.88558
4 37.50 0.00 82.50 0.00 62.50 0.00 67.50 0.00 1.87285
4 42.50 0.00 87.50 0.00 57.50 0.00 62.50 0.00 1.97048
4 45.00 0.00 90.00 0.00 55.00 0.00 60.00 0.00 2.62844
4 52.50 0.00 75.00 0.00 60.00 0.00 62.50 0.00 2.78609
4 47.50 0.00 70.00 0.00 65.00 0.00 67.50 0.00 14.7781
4 32.50 0.00 77.50 0.00 67.50 0.00 72.50 0.00 4.27185
4 35.00 0.00 80.00 0.00 65.00 0.00 70.00 0.00 2.18112
4 55.00 0.00 77.50 0.00 57.50 0.00 60.00 0.00 13.1728
4 10.00 0.00 175.00 0.00 25.00 0.00 40.00 0.00 3.88003
4 50.00 0.00 72.50 0.00 65.00 0.00 67.50 0.00 4.52638
4 0.00 0.00 150.00 0.00 45.00 0.00 60.00 0.00 1.09474
4 52.50 0.00 75.00 0.00 62.50 0.00 65.00 0.00 2.35856
4 55.00 0.00 77.50 0.00 60.00 0.00 62.50 0.00 4.70397
4 15.00 0.00 165.00 0.00 30.00 0.00 45.00 0.00 3.82949
4 0.00 0.00 180.00 0.00 30.00 0.00 45.00 0.00 1.89366
4 5.00 0.00 95.00 0.00 75.00 0.00 85.00 0.00 2.71227
4 50.00 0.00 72.50 0.00 67.50 0.00 70.00 0.00 13.1982
4 5.00 0.00 140.00 0.00 50.00 0.00 65.00 0.00 1.14011
4 25.00 0.00 115.00 0.00 55.00 0.00 65.00 0.00 1.342
4 35.00 0.00 80.00 0.00 70.00 0.00 75.00 0.00 4.75169
4 55.00 0.00 77.50 0.00 62.50 0.00 65.00 0.00 2.73958
4 50.00 0.00 95.00 0.00 55.00 0.00 60.00 0.00 5.52671
4 45.00 0.00 90.00 0.00 60.00 0.00 65.00 0.00 2.06158
4 15.00 0.00 105.00 0.00 65.00 0.00 75.00 0.00 0.9542
4 30.00 0.00 120.00 0.00 50.00 0.00 60.00 0.00 2.13252
4 40.00 0.00 85.00 0.00 65.00 0.00 70.00 0.00 1.76085
4 42.50 0.00 87.50 0.00 62.50 0.00 67.50 0.00 1.76679
4 10.00 0.00 100.00 0.00 70.00 0.00 80.00 0.00 1.49084
4 47.50 0.00 92.50 0.00 57.50 0.00 62.50 0.00 2.54846
4 20.00 0.00 110.00 0.00 60.00 0.00 70.00 0.00 1.09978
4 37.50 0.00 82.50 0.00 67.50 0.00 72.50 0.00 2.17713
4 35.00 0.00 125.00 0.00 45.00 0.00 55.00 0.00 4.70074
4 57.50 0.00 80.00 0.00 60.00 0.00 62.50 0.00 16.8717
4 52.50 0.00 75.00 0.00 65.00 0.00 67.50 0.00 2.57951
4 5.00 0.00 200.00 0.00 20.00 0.00 35.00 0.00 3.88585
4 5.00 0.00 170.00 0.00 35.00 0.00 50.00 0.00 1.81522
4 20.00 0.00 155.00 0.00 35.00 0.00 50.00 0.00 3.54864
4 55.00 0.00 77.50 0.00 65.00 0.00 67.50 0.00 2.27145
4 52.50 0.00 75.00 0.00 67.50 0.00 70.00 0.00 3.63885
4 57.50 0.00 80.00 0.00 62.50 0.00 65.00 0.00 4.64366
4 10.00 0.00 160.00 0.00 40.00 0.00 55.00 0.00 1.95039
4 10.00 0.00 190.00 0.00 25.00 0.00 40.00 0.00 3.86314
4 57.50 0.00 80.00 0.00 65.00 0.00 67.50 0.00 2.68242
4 55.00 0.00 77.50 0.00 67.50 0.00 70.00 0.00 2.22539
4 52.50 0.00 75.00 0.00 70.00 0.00 72.50 0.00 10.6572
4 15.00 0.00 150.00 0.00 45.00 0.00 60.00 0.00 1.70948
4 0.00 0.00 135.00 0.00 60.00 0.00 75.00 0.00 0.851675
4 7.50 0.00 97.50 0.00 77.50 0.00 87.50 0.00 2.67959
4 42.50 0.00 87.50 0.00 67.50 0.00 72.50 0.00 1.65978
4 40.00 0.00 85.00 0.00 70.00 0.00 75.00 0.00 2.37005
4 45.00 0.00 90.00 0.00 65.00 0.00 70.00 0.00 1.64812
4 47.50 0.00 92.50 0.00 62.50 0.00 67.50 0.00 1.97467
4 50.00 0.00 95.00 0.00 60.00 0.00 65.00 0.00 2.78652
4 52.50 0.00 97.50 0.00 57.50 0.00 62.50 0.00 5.45018
4 37.50 0.00 82.50 0.00 72.50 0.00 77.50 0.00 5.8485
4 60.00 0.00 82.50 0.00 62.50 0.00 65.00 0.00 14.2664
4 0.00 0.00 195.00 0.00 30.00 0.00 45.00 0.00 1.88094
4 0.00 0.00 165.00 0.00 45.00 0.00 60.00 0.00 1.05455
4 15.00 0.00 180.00 0.00 30.00 0.00 45.00 0.00 3.8132
4 57.50 0.00 80.00 0.00 67.50 0.00 70.00 0.00 2.0888
4 55.00 0.00 77.50 0.00 70.00 0.00 72.50 0.00 3.30059
4 60.00 0.00 82.50 0.00 65.00 0.00 67.50 0.00 4.29245
4 5.00 0.00 185.00 0.00 35.00 0.00 50.00 0.00 1.80167
4 20.00 0.00 170.00 0.00 35.00 0.00 50.00 0.00 3.53502
4 5.00 0.00 155.00 0.00 50.00 0.00 65.00 0.00 -5.73873
4 57.50 0.00 80.00 0.00 70.00 0.00 72.50 0.00 2.31121
4 55.00 0.00 77.50 0.00 72.50 0.00 75.00 0.00 9.26868
4 25.00 0.00 115.00 0.00 65.00 0.00 75.00 0.00 1.05286
4 40.00 0.00 130.00 0.00 50.00 0.00 60.00 0.00 4.30555
4 10.00 0.00 145.00 0.00 55.00 0.00 70.00 0.00 1.04716
4 55.00 0.00 100.00 0.00 60.00 0.00 65.00 0.00 7.05348
4 60.00 0.00 82.50 0.00 67.50 0.00 70.00 0.00 2.43361
4 42.50 0.00 87.50 0.00 72.50 0.00 77.50 0.00 2.49129
4 30.00 0.00 120.00 0.00 60.00 0.00 70.00 0.00 1.36914
4 10.00 0.00 100.00 0.00 80.00 0.00 90.00 0.00 2.62979
4 15.00 0.00 105.00 0.00 75.00 0.00 85.00 0.00 1.2855
4 40.00 0.00 85.00 0.00 75.00 0.00 80.00 0.00 5.74079
4 47.50 0.00 92.50 0.00 67.50 0.00 72.50 0.00 1.59374
4 50.00 0.00 95.00 0.00 65.00 0.00 70.00 0.00 1.86366
4 52.50 0.00 97.50 0.00 62.50 0.00 67.50 0.00 2.71875
4 35.00 0.00 125.00 0.00 55.00 0.00 65.00 0.00 2.14048
4 20.00 0.00 110.00 0.00 70.00 0.00 80.00 0.00 1.04766
4 45.00 0.00 90.00 0.00 70.00 0.00 75.00 0.00 1.77628
4 62.50 0.00 85.00 0.00 65.00 0.00 67.50 0.00 13.661
4 10.00 0.00 175.00 0.00 40.00 0.00 55.00 0.00 1.92749
4 25.00 0.00 160.00 0.00 40.00 0.00 55.00 0.00 3.49285
4 60.00 0.00 82.50 0.00 70.00 0.00 72.50 0.00 2.17139
4 57.50 0.00 80.00 0.00 72.50 0.00 75.00 0.00 3.77563
4 0.00 0.00 150.00 0.00 60.00 0.00 75.00 0.00 0.749956
4 62.50 0.00 85.00 0.00 67.50 0.00 70.00 0.00 4.00429
4 15.00 0.00 165.00 0.00 45.00 0.00 60.00 0.00 1.67283
4 0.00 0.00 180.00 0.00 45.00 0.00 60.00 0.00 1.02423
4 15.00 0.00 195.00 0.00 30.00 0.00 45.00 0.00 3.79776
4 60.00 0.00 82.50 0.00 72.50 0.00 75.00 0.00 2.67292
4 65.00 0.00 87.50 0.00 67.50 0.00 70.00 0.00 13.1626
4 50.00 0.00 95.00 0.00 70.00 0.00 75.00 0.00 1.72107
4 5.00 0.00 140.00 0.00 65.00 0.00 80.00 0.00 0.831219
4 42.50 0.00 87.50 0.00 77.50 0.00 82.50 0.00 4.39696
4 55.00 0.00 100.00 0.00 65.00 0.00 70.00 0.00 1.96339
4 45.00 0.00 90.00 0.00 75.00 0.00 80.00 0.00 2.32607
4 47.50 0.00 92.50 0.00 72.50 0.00 77.50 0.00 1.90255
4 52.50 0.00 97.50 0.00 67.50 0.00 72.50 0.00 1.8195
4 62.50 0.00 85.00 0.00 70.00 0.00 72.50 0.00 2.54929
4 57.50 0.00 80.00 0.00 75.00 0.00 77.50 0.00 11.1681
4 20.00 0.00 185.00 0.00 35.00 0.00 50.00 0.00 3.51259
4 5.00 0.00 200.00 0.00 35.00 0.00 50.00 0.00 1.78863
4 5.00 0.00 170.00 0.00 50.00 0.00 65.00 0.00 -3.80484
4 20.00 0.00 155.00 0.00 50.00 0.00 65.00 0.00 1.6089
4 57.50 0.00 102.50 0.00 62.50 0.00 67.50 0.00 6.33317
4 62.50 0.00 85.00 0.00 72.50 0.00 75.00 0.00 2.43687
4 65.00 0.00 87.50 0.00 70.00 0.00 72.50 0.00 4.25494
4 60.00 0.00 82.50 0.00 75.00 0.00 77.50 0.00 4.51912
4 25.00 0.00 175.00 0.00 40.00 0.00 55.00 0.00 3.47276
4 10.00 0.00 190.00 0.00 40.00 0.00 55.00 0.00 1.91089
4 10.00 0.00 160.00 0.00 55.00 0.00 70.00 0.00 0.872467
4 47.50 0.00 92.50 0.00 77.50 0.00 82.50 0.00 1.98164
4 60.00 0.00 105.00 0.00 65.00 0.00 70.00 0.00 5.60608
4 25.00 0.00 115.00 0.00 75.00 0.00 85.00 0.00 0.989763
4 15.00 0.00 150.00 0.00 60.00 0.00 75.00 0.00 1.01791
4 67.50 0.00 90.00 0.00 70.00 0.00 72.50 0.00 14.5816
4 45.00 0.00 135.00 0.00 55.00 0.00 65.00 0.00 3.91203
4 20.00 0.00 110.00 0.00 80.00 0.00 90.00 0.00 1.23259
4 40.00 0.00 130.00 0.00 60.00 0.00 70.00 0.00 2.10309
4 30.00 0.00 120.00 0.00 70.00 0.00 80.00 0.00 1.11558
4 35.00 0.00 125.00 0.00 65.00 0.00 75.00 0.00 1.37585
4 55.00 0.00 100.00 0.00 70.00 0.00 75.00 0.00 1.97041
4 45.00 0.00 90.00 0.00 80.00 0.00 85.00 0.00 4.47999
4 52.50 0.00 97.50 0.00 72.50 0.00 77.50 0.00 1.81154
4 50.00 0.00 95.00 0.00 75.00 0.00 80.00 0.00 1.75436
4 60.00 0.00 82.50 0.00 77.50 0.00 80.00 0.00 10.7135
4 15.00 0.00 105.00 0.00 85.00 0.00 95.00 0.00 2.41255
4 65.00 0.00 87.50 0.00 72.50 0.00 75.00 0.00 2.79337
4 62.50 0.00 85.00 0.00 75.00 0.00 77.50 0.00 2.88377
4 0.00 0.00 135.00 0.00 75.00 0.00 90.00 0.00 0.807675
4 15.00 0.00 180.00 0.00 45.00 0.00 60.00 0.00 1.65157
4 30.00 0.00 165.00 0.00 45.00 0.00 60.00 0.00 3.69292
4 0.00 0.00 165.00 0.00 60.00 0.00 75.00 0.00 0.704601
4 0.00 0.00 195.00 0.00 45.00 0.00 60.00 0.00 1.0195
4 57.50 0.00 102.50 0.00 67.50 0.00 72.50 0.00 2.50895
4 62.50 0.00 85.00 0.00 77.50 0.00 80.00 0.00 4.04963
4 65.00 0.00 87.50 0.00 75.00 0.00 77.50 0.00 2.41866
4 67.50 0.00 90.00 0.00 72.50 0.00 75.00 0.00 4.77558
4 20.00 0.00 170.00 0.00 50.00 0.00 65.00 0.00 1.55642
4 20.00 0.00 200.00 0.00 35.00 0.00 50.00 0.00 3.49968
4 5.00 0.00 155.00 0.00 65.00 0.00 80.00 0.00 7.52919
4 5.00 0.00 185.00 0.00 50.00 0.00 65.00 0.00 -2.53855
4 60.00 0.00 105.00 0.00 70.00 0.00 75.00 0.00 2.62181
4 10.00 0.00 145.00 0.00 70.00 0.00 85.00 0.00 0.785966
4 52.50 0.00 97.50 0.00 77.50 0.00 82.50 0.00 1.45199
4 47.50 0.00 92.50 0.00 82.50 0.00 87.50 0.00 5.42696
4 55.00 0.00 100.00 0.00 75.00 0.00 80.00 0.00 1.66187
4 50.00 0.00 95.00 0.00 80.00 0.00 85.00 0.00 1.9599
4 67.50 0.00 90.00 0.00 75.00 0.00 77.50 0.00 2.74149
4 62.50 0.00 85.00 0.00 80.00 0.00 82.50 0.00 9.25359
4 65.00 0.00 87.50 0.00 77.50 0.00 80.00 0.00 2.31199
4 70.00 0.00 92.50 0.00 72.50 0.00 75.00 0.00 14.3733
4 62.50 0.00 107.50 0.00 67.50 0.00 72.50 0.00 5.60025
4 10.00 0.00 175.00 0.00 55.00 0.00 70.00 0.00 0.891321
4 25.00 0.00 190.00 0.00 40.00 0.00 55.00 0.00 3.45522
4 25.00 0.00 160.00 0.00 55.00 0.00 70.00 0.00 1.55562
4 57.50 0.00 102.50 0.00 72.50 0.00 77.50 0.00 2.05683
4 65.00 0.00 87.50 0.00 80.00 0.00 82.50 0.00 3.07982
4 70.00 0.00 92.50 0.00 75.00 0.00 77.50 0.00 4.16663
4 67.50 0.00 90.00 0.00 77.50 0.00 80.00 0.00 1.97913
4 0.00 0.00 150.00 0.00 75.00 0.00 90.00 0.00 0.62781
4 0.00 0.00 180.00 0.00 60.00 0.00 75.00 0.00 0.683725
4 15.00 0.00 165.00 0.00 60.00 0.00 75.00 0.00 0.962281
4 15.00 0.00 195.00 0.00 45.00 0.00 60.00 0.00 1.63242
4 30.00 0.00 180.00 0.00 45.00 0.00 60.00 0.00 3.67337
4 70.00 0.00 92.50 0.00 77.50 0.00 80.00 0.00 2.14103
4 25.00 0.00 115.00 0.00 85.00 0.00 95.00 0.00 1.23283
4 52.50 0.00 97.50 0.00 82.50 0.00 87.50 0.00 2.21015
4 40.00 0.00 130.00 0.00 70.00 0.00 80.00 0.00 1.40281
4 20.00 0.00 110.00 0.00 90.00 0.00 100.00 0.00 2.18667
4 35.00 0.00 125.00 0.00 75.00 0.00 85.00 0.00 1.04651
4 45.00 0.00 135.00 0.00 65.00 0.00 75.00 0.00 1.99462
4 30.00 0.00 120.00 0.00 80.00 0.00 90.00 0.00 1.01185
4 55.00 0.00 100.00 0.00 80.00 0.00 85.00 0.00 1.45295
4 60.00 0.00 105.00 0.00 75.00 0.00 80.00 0.00 1.82767
4 50.00 0.00 140.00 0.00 60.00 0.00 70.00 0.00 3.94375
4 50.00 0.00 95.00 0.00 85.00 0.00 90.00 0.00 5.0505
4 65.00 0.00 110.00 0.00 70.00 0.00 75.00 0.00 6.03194
4 72.50 0.00 95.00 0.00 75.00 0.00 77.50 0.00 11.5376
4 5.00 0.00 140.00 0.00 80.00 0.00 95.00 0.00 0.75587
4 65.00 0.00 87.50 0.00 82.50 0.00 85.00 0.00 8.2309
4 67.50 0.00 90.00 0.00 80.00 0.00 82.50 0.00 2.00938
4 62.50 0.00 107.50 0.00 72.50 0.00 77.50 0.00 2.76496
4 20.00 0.00 155.00 0.00 65.00 0.00 80.00 0.00 0.994915
4 5.00 0.00 200.00 0.00 50.00 0.00 65.00 0.00 -0.924191
4 20.00 0.00 185.00 0.00 50.00 0.00 65.00 0.00 1.53824
4 5.00 0.00 170.00 0.00 65.00 0.00 80.00 0.00 5.51697
4 35.00 0.00 170.00 0.00 50.00 0.00 65.00 0.00 3.71359
4 57.50 0.00 102.50 0.00 77.50 0.00 82.50 0.00 1.38482
4 70.00 0.00 92.50 0.00 80.00 0.00 82.50 0.00 1.74179
4 67.50 0.00 90.00 0.00 82.50 0.00 85.00 0.00 3.51437
4 72.50 0.00 95.00 0.00 77.50 0.00 80.00 0.00 3.15082
4 25.00 0.00 175.00 0.00 55.00 0.00 70.00 0.00 1.52681
4 10.00 0.00 160.00 0.00 70.00 0.00 85.00 0.00 0.772633
4 10.00 0.00 190.00 0.00 55.00 0.00 70.00 0.00 0.896048
4 75.00 0.00 97.50 0.00 77.50 0.00 80.00 0.00 8.68538
4 15.00 0.00 150.00 0.00 75.00 0.00 90.00 0.00 0.760934
4 0.00 0.00 135.00 0.00 90.00 0.00 105.00 0.00 0.932015
4 52.50 0.00 97.50 0.00 87.50 0.00 92.50 0.00 4.33502
4 60.00 0.00 105.00 0.00 80.00 0.00 85.00 0.00 1.36678
4 55.00 0.00 100.00 0.00 85.00 0.00 90.00 0.00 2.18764
4 65.00 0.00 110.00 0.00 75.00 0.00 80.00 0.00 2.44813
4 67.50 0.00 90.00 0.00 85.00 0.00 87.50 0.00 15.2162
4 70.00 0.00 92.50 0.00 82.50 0.00 85.00 0.00 2.26969
4 72.50 0.00 95.00 0.00 80.00 0.00 82.50 0.00 1.91488
4 57.50 0.00 102.50 0.00 82.50 0.00 87.50 0.00 1.6479
4 67.50 0.00 112.50 0.00 72.50 0.00 77.50 0.00 6.55806
4 30.00 0.00 195.00 0.00 45.00 0.00 60.00 0.00 3.6535
4 0.00 0.00 165.00 0.00 75.00 0.00 90.00 0.00 0.549531
4 0.00 0.00 195.00 0.00 60.00 0.00 75.00 0.00 0.653229
4 15.00 0.00 180.00 0.00 60.00 0.00 75.00 0.00 0.935079
4 30.00 0.00 165.00 0.00 60.00 0.00 75.00 0.00 1.63166
4 62.50 0.00 107.50 0.00 77.50 0.00 82.50 0.00 1.53487
4 52.50 0.00 142.50 0.00 62.50 0.00 72.50 0.00 3.88998
4 75.00 0.00 97.50 0.00 80.00 0.00 82.50 0.00 3.04873
4 70.00 0.00 92.50 0.00 85.00 0.00 87.50 0.00 4.27515
4 72.50 0.00 95.00 0.00 82.50 0.00 85.00 0.00 1.95525
4 20.00 0.00 200.00 0.00 50.00 0.00 65.00 0.00 1.51958
4 5.00 0.00 155.00 0.00 80.00 0.00 95.00 0.00 0.593636
4 20.00 0.00 170.00 0.00 65.00 0.00 80.00 0.00 0.952028
4 5.00 0.00 185.00 0.00 65.00 0.00 80.00 0.00 4.20387
4 35.00 0.00 185.00 0.00 50.00 0.00 65.00 0.00 3.69383
4 75.00 0.00 97.50 0.00 82.50 0.00 85.00 0.00 2.23828
4 30.00 0.00 120.00 0.00 90.00 0.00 100.00 0.00 1.19931
4 50.00 0.00 140.00 0.00 70.00 0.00 80.00 0.00 2.02904
4 25.00 0.00 115.00 0.00 95.00 0.00 105.00 0.00 2.17291
4 55.00 0.00 145.00 0.00 65.00 0.00 75.00 0.00 3.90843
4 77.50 0.00 100.00 0.00 80.00 0.00 82.50 0.00 9.745
4 45.00 0.00 135.00 0.00 75.00 0.00 85.00 0.00 1.27168
4 70.00 0.00 92.50 0.00 87.50 0.00 90.00 0.00 9.81073
4 10.00 0.00 145.00 0.00 85.00 0.00 100.00 0.00 0.739431
4 35.00 0.00 125.00 0.00 85.00 0.00 95.00 0.00 1.032
4 40.00 0.00 130.00 0.00 80.00 0.00 90.00 0.00 1.05156
4 60.00 0.00 105.00 0.00 85.00 0.00 90.00 0.00 1.60484
4 65.00 0.00 110.00 0.00 80.00 0.00 85.00 0.00 1.53454
4 70.00 0.00 115.00 0.00 75.00 0.00 80.00 0.00 5.28866
4 55.00 0.00 100.00 0.00 90.00 0.00 95.00 0.00 4.3982
4 72.50 0.00 95.00 0.00 85.00 0.00 87.50 0.00 2.6449
4 67.50 0.00 112.50 0.00 77.50 0.00 82.50 0.00 2.05117
4 57.50 0.00 102.50 0.00 87.50 0.00 92.50 0.00 1.91404
4 10.00 0.00 175.00 0.00 70.00 0.00 85.00 0.00 0.69001
4 25.00 0.00 160.00 0.00 70.00 0.00 85.00 0.00 0.950267
4 25.00 0.00 190.00 0.00 55.00 0.00 70.00 0.00 1.50526
4 62.50 0.00 107.50 0.00 82.50 0.00 87.50 0.00 1.56734
4 40.00 0.00 175.00 0.00 55.00 0.00 70.00 0.00 3.48123
4 75.00 0.00 97.50 0.00 85.00 0.00 87.50 0.00 2.27615
4 0.00 0.00 150.00 0.00 90.00 0.00 105.00 0.00 0.596398
4 77.50 0.00 100.00 0.00 82.50 0.00 85.00 0.00 3.9219
4 72.50 0.00 95.00 0.00 87.50 0.00 90.00 0.00 3.52034
4 15.00 0.00 165.00 0.00 75.00 0.00 90.00 0.00 0.676849
4 30.00 0.00 180.00 0.00 60.00 0.00 75.00 0.00 1.60355
4 0.00 0.00 180.00 0.00 75.00 0.00 90.00 0.00 0.514328
4 15.00 0.00 195.00 0.00 60.00 0.00 75.00 0.00 0.911085
4 77.50 0.00 100.00 0.00 85.00 0.00 87.50 0.00 2.74938
4 75.00 0.00 97.50 0.00 87.50 0.00 90.00 0.00 2.17896
4 5.00 0.00 140.00 0.00 95.00 0.00 110.00 0.00 0.874661
4 60.00 0.00 105.00 0.00 90.00 0.00 95.00 0.00 1.83291
4 70.00 0.00 115.00 0.00 80.00 0.00 85.00 0.00 2.04448
4 65.00 0.00 110.00 0.00 85.00 0.00 90.00 0.00 1.53622
4 72.50 0.00 95.00 0.00 90.00 0.00 92.50 0.00 8.73265
4 80.00 0.00 102.50 0.00 82.50 0.00 85.00 0.00 10.5354
4 67.50 0.00 112.50 0.00 82.50 0.00 87.50 0.00 1.76531
4 62.50 0.00 107.50 0.00 87.50 0.00 92.50 0.00 1.42022
4 57.50 0.00 102.50 0.00 92.50 0.00 97.50 0.00 4.69784
4 72.50 0.00 117.50 0.00 77.50 0.00 82.50 0.00 4.27354
4 35.00 0.00 200.00 0.00 50.00 0.00 65.00 0.00 3.67614
4 5.00 0.00 200.00 0.00 65.00 0.00 80.00 0.00 2.54613
4 5.00 0.00 170.00 0.00 80.00 0.00 95.00 0.00 0.523925
4 57.50 0.00 147.50 0.00 67.50 0.00 77.50 0.00 3.91225
4 35.00 0.00 170.00 0.00 65.00 0.00 80.00 0.00 1.65068
4 20.00 0.00 185.00 0.00 65.00 0.00 80.00 0.00 0.923666
4 52.50 0.00 142.50 0.00 72.50 0.00 82.50 0.00 1.96662
4 20.00 0.00 155.00 0.00 80.00 0.00 95.00 0.00 0.708549
4 77.50 0.00 100.00 0.00 87.50 0.00 90.00 0.00 1.99647
4 75.00 0.00 97.50 0.00 90.00 0.00 92.50 0.00 3.16426
4 80.00 0.00 102.50 0.00 85.00 0.00 87.50 0.00 4.46905
4 40.00 0.00 190.00 0.00 55.00 0.00 70.00 0.00 3.46004
4 10.00 0.00 160.00 0.00 85.00 0.00 100.00 0.00 0.613199
4 10.00 0.00 190.00 0.00 70.00 0.00 85.00 0.00 0.638801
4 25.00 0.00 175.00 0.00 70.00 0.00 85.00 0.00 0.909316
4 75.00 0.00 97.50 0.00 92.50 0.00 95.00 0.00 7.77228
4 0.00 0.00 135.00 0.00 105.00 0.00 120.00 0.00 1.69533
4 45.00 0.00 135.00 0.00 85.00 0.00 95.00 0.00 1.051
4 15.00 0.00 150.00 0.00 90.00 0.00 105.00 0.00 0.667562
4 30.00 0.00 120.00 0.00 100.00 0.00 110.00 0.00 2.31927
4 60.00 0.00 105.00 0.00 95.00 0.00 100.00 0.00 4.20389
4 55.00 0.00 145.00 0.00 75.00 0.00 85.00 0.00 1.87855
4 77.50 0.00 100.00 0.00 90.00 0.00 92.50 0.00 2.12876
4 40.00 0.00 130.00 0.00 90.00 0.00 100.00 0.00 0.966972
4 35.00 0.00 125.00 0.00 95.00 0.00 105.00 0.00 1.17345
4 60.00 0.00 150.00 0.00 70.00 0.00 80.00 0.00 3.83544
4 70.00 0.00 115.00 0.00 85.00 0.00 90.00 0.00 1.73912
4 65.00 0.00 110.00 0.00 90.00 0.00 95.00 0.00 1.35934
4 75.00 0.00 120.00 0.00 80.00 0.00 85.00 0.00 4.50842
4 50.00 0.00 140.00 0.00 80.00 0.00 90.00 0.00 1.26077
4 80.00 0.00 102.50 0.00 87.50 0.00 90.00 0.00 2.29745
4 72.50 0.00 117.50 0.00 82.50 0.00 87.50 0.00 2.34834
4 62.50 0.00 107.50 0.00 92.50 0.00 97.50 0.00 1.94075
4 30.00 0.00 195.00 0.00 60.00 0.00 75.00 0.00 1.58211
4 67.50 0.00 112.50 0.00 87.50 0.00 92.50 0.00 1.3739
4 30.00 0.00 165.00 0.00 75.00 0.00 90.00 0.00 0.964497
4 15.00 0.00 180.00 0.00 75.00 0.00 90.00 0.00 0.638657
4 82.50 0.00 105.00 0.00 85.00 0.00 87.50 0.00 15.8328
4 45.00 0.00 180.00 0.00 60.00 0.00 75.00 0.00 3.42575
4 0.00 0.00 195.00 0.00 75.00 0.00 90.00 0.00 0.477616
4 0.00 0.00 165.00 0.00 90.00 0.00 105.00 0.00 0.465559
4 77.50 0.00 100.00 0.00 92.50 0.00 95.00 0.00 3.30808
4 80.00 0.00 102.50 0.00 90.00 0.00 92.50 0.00 1.84926
4 82.50 0.00 105.00 0.00 87.50 0.00 90.00 0.00 3.39709
4 20.00 0.00 170.00 0.00 80.00 0.00 95.00 0.00 0.641228
4 35.00 0.00 185.00 0.00 65.00 0.00 80.00 0.00 1.62083
4 20.00 0.00 200.00 0.00 65.00 0.00 80.00 0.00 0.89975
4 5.00 0.00 185.00 0.00 80.00 0.00 95.00 0.00 0.485617
4 5.00 0.00 155.00 0.00 95.00 0.00 110.00 0.00 0.553112
4 77.50 0.00 100.00 0.00 95.00 0.00 97.50 0.00 10.7545
4 10.00 0.00 145.00 0.00 100.00 0.00 115.00 0.00 0.769965
4 70.00 0.00 115.00 0.00 90.00 0.00 95.00 0.00 1.32961
4 65.00 0.00 110.00 0.00 95.00 0.00 100.00 0.00 1.29779
4 75.00 0.00 120.00 0.00 85.00 0.00 90.00 0.00 2.41106
4 85.00 0.00 107.50 0.00 87.50 0.00 90.00 0.00 8.14537
4 80.00 0.00 102.50 0.00 92.50 0.00 95.00 0.00 2.10644
4 72.50 0.00 117.50 0.00 87.50 0.00 92.50 0.00 1.54495
4 67.50 0.00 112.50 0.00 92.50 0.00 97.50 0.00 1.46491
4 62.50 0.00 107.50 0.00 97.50 0.00 102.50 0.00 4.07432
4 77.50 0.00 122.50 0.00 82.50 0.00 87.50 0.00 5.79127
4 25.00 0.00 190.00 0.00 70.00 0.00 85.00 0.00 0.879347
4 10.00 0.00 175.00 0.00 85.00 0.00 100.00 0.00 0.548489
4 25.00 0.00 160.00 0.00 85.00 0.00 100.00 0.00 0.716215
4 40.00 0.00 175.00 0.00 70.00 0.00 85.00 0.00 1.52598
4 52.50 0.00 142.50 0.00 82.50 0.00 92.50 0.00 1.29112
4 57.50 0.00 147.50 0.00 77.50 0.00 87.50 0.00 1.81779
4 82.50 0.00 105.00 0.00 90.00 0.00 92.50 0.00 2.05895
4 0.00 0.00 150.00 0.00 105.00 0.00 120.00 0.00 0.655652
4 82.50 0.00 105.00 0.00 92.50 0.00 95.00 0.00 1.85332
4 80.00 0.00 102.50 0.00 95.00 0.00 97.50 0.00 3.7018
4 85.00 0.00 107.50 0.00 90.00 0.00 92.50 0.00 3.20327
4 45.00 0.00 195.00 0.00 60.00 0.00 75.00 0.00 3.40281
4 30.00 0.00 180.00 0.00 75.00 0.00 90.00 0.00 0.925361
4 0.00 0.00 180.00 0.00 90.00 0.00 105.00 0.00 0.412121
4 15.00 0.00 195.00 0.00 75.00 0.00 90.00 0.00 0.606021
4 15.00 0.00 165.00 0.00 90.00 0.00 105.00 0.00 0.535106
4 50.00 0.00 140.00 0.00 90.00 0.00 100.00 0.00 0.973944
4 40.00 0.00 130.00 0.00 100.00 0.00 110.00 0.00 1.13839
4 45.00 0.00 135.00 0.00 95.00 0.00 105.00 0.00 0.937888
4 60.00 0.00 150.00 0.00 80.00 0.00 90.00 0.00 1.82025
4 5.00 0.00 140.00 0.00 110.00 0.00 125.00 0.00 1.59948
4 80.00 0.00 125.00 0.00 85.00 0.00 90.00 0.00 5.88072
4 75.00 0.00 120.00 0.00 90.00 0.00 95.00 0.00 1.53262
4 35.00 0.00 125.00 0.00 105.00 0.00 115.00 0.00 2.24651
4 70.00 0.00 115.00 0.00 95.00 0.00 100.00 0.00 1.36324
4 65.00 0.00 110.00 0.00 100.00 0.00 105.00 0.00 4.21406
4 55.00 0.00 145.00 0.00 85.00 0.00 95.00 0.00 1.29082
4 80.00 0.00 102.50 0.00 97.50 0.00 100.00 0.00 7.99091
4 77.50 0.00 122.50 0.00 87.50 0.00 92.50 0.00 2.22396
4 67.50 0.00 112.50 0.00 97.50 0.00 102.50 0.00 1.72195
4 82.50 0.00 105.00 0.00 95.00 0.00 97.50 0.00 2.29663
4 72.50 0.00 117.50 0.00 92.50 0.00 97.50 0.00 1.42195
4 85.00 0.00 107.50 0.00 92.50 0.00 95.00 0.00 2.16409
4 5.00 0.00 200.00 0.00 80.00 0.00 95.00 0.00 0.453269
4 20.00 0.00 185.00 0.00 80.00 0.00 95.00 0.00 0.60329
4 65.00 0.00 155.00 0.00 75.00 0.00 85.00 0.00 3.4397
4 87.50 0.00 110.00 0.00 90.00 0.00 92.50 0.00 8.82733
4 20.00 0.00 155.00 0.00 95.00 0.00 110.00 0.00 0.612615
4 5.00 0.00 170.00 0.00 95.00 0.00 110.00 0.00 0.445071
4 35.00 0.00 170.00 0.00 80.00 0.00 95.00 0.00 0.948156
4 50.00 0.00 185.00 0.00 65.00 0.00 80.00 0.00 3.32656
4 35.00 0.00 200.00 0.00 65.00 0.00 80.00 0.00 1.59786
4 87.50 0.00 110.00 0.00 92.50 0.00 95.00 0.00 3.79107
4 82.50 0.00 105.00 0.00 97.50 0.00 100.00 0.00 2.90706
4 85.00 0.00 107.50 0.00 95.00 0.00 97.50 0.00 2.00793
4 25.00 0.00 175.00 0.00 85.00 0.00 100.00 0.00 0.653518
4 40.00 0.00 190.00 0.00 70.00 0.00 85.00 0.00 1.50987
4 10.00 0.00 160.00 0.00 100.00 0.00 115.00 0.00 0.509578
4 10.00 0.00 190.00 0.00 85.00 0.00 100.00 0.00 0.502769
4 15.00 0.00 150.00 0.00 105.00 0.00 120.00 0.00 0.689216
4 70.00 0.00 115.00 0.00 100.00 0.00 105.00 0.00 1.68444
4 75.00 0.00 120.00 0.00 95.00 0.00 100.00 0.00 1.35434
4 80.00 0.00 125.00 0.00 90.00 0.00 95.00 0.00 2.1816
4 85.00 0.00 107.50 0.00 97.50 0.00 100.00 0.00 1.83623
4 82.50 0.00 105.00 0.00 100.00 0.00 102.50 0.00 8.6149
4 77.50 0.00 122.50 0.00 92.50 0.00 97.50 0.00 1.66399
4 82.50 0.00 127.50 0.00 87.50 0.00 92.50 0.00 4.70747
4 67.50 0.00 112.50 0.00 102.50 0.00 107.50 0.00 3.84542
4 52.50 0.00 142.50 0.00 92.50 0.00 102.50 0.00 0.962868
4 0.00 0.00 165.00 0.00 105.00 0.00 120.00 0.00 0.421934
4 0.00 0.00 195.00 0.00 90.00 0.00 105.00 0.00 0.368107
4 30.00 0.00 165.00 0.00 90.00 0.00 105.00 0.00 0.676721
4 15.00 0.00 180.00 0.00 90.00 0.00 105.00 0.00 0.480899
4 87.50 0.00 110.00 0.00 95.00 0.00 97.50 0.00 2.41738
4 72.50 0.00 117.50 0.00 97.50 0.00 102.50 0.00 1.30922
4 30.00 0.00 195.00 0.00 75.00 0.00 90.00 0.00 0.892988
4 57.50 0.00 147.50 0.00 87.50 0.00 97.50 0.00 1.23771
4 45.00 0.00 180.00 0.00 75.00 0.00 90.00 0.00 1.54121
4 90.00 0.00 112.50 0.00 92.50 0.00 95.00 0.00 10.0895
4 85.00 0.00 107.50 0.00 100.00 0.00 102.50 0.00 3.16577
4 90.00 0.00 112.50 0.00 95.00 0.00 97.50 0.00 3.79497
4 50.00 0.00 200.00 0.00 65.00 0.00 80.00 0.00 3.29963
4 5.00 0.00 155.00 0.00 110.00 0.00 125.00 0.00 0.596088
4 20.00 0.00 200.00 0.00 80.00 0.00 95.00 0.00 0.571572
4 35.00 0.00 185.00 0.00 80.00 0.00 95.00 0.00 0.911068
4 5.00 0.00 185.00 0.00 95.00 0.00 110.00 0.00 0.394916
4 20.00 0.00 170.00 0.00 95.00 0.00 110.00 0.00 0.505546
4 87.50 0.00 110.00 0.00 97.50 0.00 100.00 0.00 1.65657
4 60.00 0.00 150.00 0.00 90.00 0.00 100.00 0.00 1.17601
4 55.00 0.00 145.00 0.00 95.00 0.00 105.00 0.00 0.933208
4 40.00 0.00 130.00 0.00 110.00 0.00 120.00 0.00 2.31291
4 50.00 0.00 140.00 0.00 100.00 0.00 110.00 0.00 0.859693
4 10.00 0.00 145.00 0.00 115.00 0.00 130.00 0.00 1.42402
4 85.00 0.00 130.00 0.00 90.00 0.00 95.00 0.00 4.68532
4 75.00 0.00 120.00 0.00 100.00 0.00 105.00 0.00 1.32408
4 70.00 0.00 115.00 0.00 105.00 0.00 110.00 0.00 3.85081
4 80.00 0.00 125.00 0.00 95.00 0.00 100.00 0.00 1.57122
4 45.00 0.00 135.00 0.00 105.00 0.00 115.00 0.00 1.07032
4 72.50 0.00 117.50 0.00 102.50 0.00 107.50 0.00 1.70572
4 85.00 0.00 107.50 0.00 102.50 0.00 105.00 0.00 8.46682
4 90.00 0.00 112.50 0.00 97.50 0.00 100.00 0.00 1.97369
4 82.50 0.00 127.50 0.00 92.50 0.00 97.50 0.00 2.26457
4 25.00 0.00 190.00 0.00 85.00 0.00 100.00 0.00 0.612988
4 77.50 0.00 122.50 0.00 97.50 0.00 102.50 0.00 1.2728
4 10.00 0.00 175.00 0.00 100.00 0.00 115.00 0.00 0.418524
4 55.00 0.00 190.00 0.00 70.00 0.00 85.00 0.00 3.30714
4 92.50 0.00 115.00 0.00 95.00 0.00 97.50 0.00 9.34697
4 25.00 0.00 160.00 0.00 100.00 0.00 115.00 0.00 0.555733
4 40.00 0.00 175.00 0.00 85.00 0.00 100.00 0.00 0.963965
4 65.00 0.00 155.00 0.00 85.00 0.00 95.00 0.00 1.82709
4 70.00 0.00 160.00 0.00 80.00 0.00 90.00 0.00 3.24034
4 87.50 0.00 110.00 0.00 100.00 0.00 102.50 0.00 1.97447
4 0.00 0.00 150.00 0.00 120.00 0.00 135.00 0.00 1.31347
4 92.50 0.00 115.00 0.00 97.50 0.00 100.00 0.00 3.054
4 15.00 0.00 165.00 0.00 105.00 0.00 120.00 0.00 0.452752
4 0.00 0.00 180.00 0.00 105.00 0.00 120.00 0.00 0.342401
4 45.00 0.00 195.00 0.00 75.00 0.00 90.00 0.00 1.50865
4 30.00 0.00 180.00 0.00 90.00 0.00 105.00 0.00 0.622001
4 15.00 0.00 195.00 0.00 90.00 0.00 105.00 0.00 0.437695
4 87.50 0.00 110.00 0.00 102.50 0.00 105.00 0.00 2.84106
4 90.00 0.00 112.50 0.00 100.00 0.00 102.50 0.00 1.84896
4 80.00 0.00 125.00 0.00 100.00 0.00 105.00 0.00 1.27729
4 85.00 0.00 130.00 0.00 95.00 0.00 100.00 0.00 2.15131
4 75.00 0.00 120.00 0.00 105.00 0.00 110.00 0.00 1.78706
4 87.50 0.00 110.00 0.00 105.00 0.00 107.50 0.00 7.05814
4 90.00 0.00 112.50 0.00 102.50 0.00 105.00 0.00 1.92179
4 87.50 0.00 132.50 0.00 92.50 0.00 97.50 0.00 5.49625
4 82.50 0.00 127.50 0.00 97.50 0.00 102.50 0.00 1.42493
4 77.50 0.00 122.50 0.00 102.50 0.00 107.50 0.00 1.24785
4 92.50 0.00 115.00 0.00 100.00 0.00 102.50 0.00 2.14595
4 57.50 0.00 147.50 0.00 97.50 0.00 107.50 0.00 0.853263
4 35.00 0.00 200.00 0.00 80.00 0.00 95.00 0.00 0.878685
4 5.00 0.00 200.00 0.00 95.00 0.00 110.00 0.00 0.348798
4 95.00 0.00 117.50 0.00 97.50 0.00 100.00 0.00 7.57133
4 20.00 0.00 185.00 0.00 95.00 0.00 110.00 0.00 0.452825
4 52.50 0.00 142.50 0.00 102.50 0.00 112.50 0.00 0.782967
4 50.00 0.00 185.00 0.00 80.00 0.00 95.00 0.00 1.48275
4 72.50 0.00 117.50 0.00 107.50 0.00 112.50 0.00 4.09871
4 20.00 0.00 155.00 0.00 110.00 0.00 125.00 0.00 0.623164
4 35.00 0.00 170.00 0.00 95.00 0.00 110.00 0.00 0.65642
4 5.00 0.00 170.00 0.00 110.00 0.00 125.00 0.00 0.408108
4 92.50 0.00 115.00 0.00 102.50 0.00 105.00 0.00 1.69262
4 25.00 0.00 175.00 0.00 100.00 0.00 115.00 0.00 0.464896
4 10.00 0.00 160.00 0.00 115.00 0.00 130.00 0.00 0.568834
4 10.00 0.00 190.00 0.00 100.00 0.00 115.00 0.00 0.362705
4 40.00 0.00 190.00 0.00 85.00 0.00 100.00 0.00 0.918556
4 95.00 0.00 117.50 0.00 100.00 0.00 102.50 0.00 3.41681
4 90.00 0.00 112.50 0.00 105.00 0.00 107.50 0.00 2.83614
4 50.00 0.00 140.00 0.00 110.00 0.00 120.00 0.00 0.96578
4 90.00 0.00 135.00 0.00 95.00 0.00 100.00 0.00 5.07508
4 45.00 0.00 135.00 0.00 115.00 0.00 125.00 0.00 2.47862
4 15.00 0.00 150.00 0.00 120.00 0.00 135.00 0.00 1.33459
4 55.00 0.00 145.00 0.00 105.00 0.00 115.00 0.00 0.746249
4 85.00 0.00 130.00 0.00 100.00 0.00 105.00 0.00 1.43534
4 60.00 0.00 150.00 0.00 100.00 0.00 110.00 0.00 0.838595
4 75.00 0.00 120.00 0.00 110.00 0.00 115.00 0.00 4.16881
4 80.00 0.00 125.00 0.00 105.00 0.00 110.00 0.00 1.26537
4 97.50 0.00 120.00 0.00 100.00 0.00 102.50 0.00 10.4935
4 95.00 0.00 117.50 0.00 102.50 0.00 105.00 0.00 2.01181
4 90.00 0.00 112.50 0.00 107.50 0.00 110.00 0.00 9.0538
4 87.50 0.00 132.50 0.00 97.50 0.00 102.50 0.00 2.07511
4 77.50 0.00 122.50 0.00 107.50 0.00 112.50 0.00 1.66255
4 92.50 0.00 115.00 0.00 105.00 0.00 107.50 0.00 1.76918
4 65.00 0.00 155.00 0.00 95.00 0.00 105.00 0.00 1.11731
4 60.00 0.00 195.00 0.00 75.00 0.00 90.00 0.00 3.12696
4 30.00 0.00 195.00 0.00 90.00 0.00 105.00 0.00 0.57946
4 15.00 0.00 180.00 0.00 105.00 0.00 120.00 0.00 0.372303
4 82.50 0.00 127.50 0.00 102.50 0.00 107.50 0.00 1.17769
4 30.00 0.00 165.00 0.00 105.00 0.00 120.00 0.00 0.513844
4 45.00 0.00 180.00 0.00 90.00 0.00 105.00 0.00 0.891289
4 0.00 0.00 195.00 0.00 105.00 0.00 120.00 0.00 0.28593
4 70.00 0.00 160.00 0.00 90.00 0.00 100.00 0.00 1.66417
4 75.00 0.00 165.00 0.00 85.00 0.00 95.00 0.00 3.39637
4 0.00 0.00 165.00 0.00 120.00 0.00 135.00 0.00 0.552334
4 97.50 0.00 120.00 0.00 102.50 0.00 105.00 0.00 3.44045
4 95.00 0.00 117.50 0.00 105.00 0.00 107.50 0.00 1.6497
4 50.00 0.00 200.00 0.00 80.00 0.00 95.00 0.00 1.45048
4 20.00 0.00 170.00 0.00 110.00 0.00 125.00 0.00 0.435696
4 5.00 0.00 155.00 0.00 125.00 0.00 140.00 0.00 1.25274
4 20.00 0.00 200.00 0.00 95.00 0.00 110.00 0.00 0.41035
4 5.00 0.00 185.00 0.00 110.00 0.00 125.00 0.00 0.332627
4 92.50 0.00 115.00 0.00 107.50 0.00 110.00 0.00 2.96369
4 35.00 0.00 185.00 0.00 95.00 0.00 110.00 0.00 0.606123
4 90.00 0.00 135.00 0.00 100.00 0.00 105.00 0.00 2.09127
4 85.00 0.00 130.00 0.00 105.00 0.00 110.00 0.00 1.15885
4 80.00 0.00 125.00 0.00 110.00 0.00 115.00 0.00 1.65486
4 95.00 0.00 117.50 0.00 107.50 0.00 110.00 0.00 2.03416
4 87.50 0.00 132.50 0.00 102.50 0.00 107.50 0.00 1.36195
4 82.50 0.00 127.50 0.00 107.50 0.00 112.50 0.00 1.17145
4 40.00 0.00 175.00 0.00 100.00 0.00 115.00 0.00 0.679682
4 55.00 0.00 190.00 0.00 85.00 0.00 100.00 0.00 1.52614
4 77.50 0.00 122.50 0.00 112.50 0.00 117.50 0.00 4.17063
4 97.50 0.00 120.00 0.00 105.00 0.00 107.50 0.00 1.9987
4 10.00 0.00 175.00 0.00 115.00 0.00 130.00 0.00 1.35247
4 25.00 0.00 190.00 0.00 100.00 0.00 115.00 0.00 0.411883
4 92.50 0.00 115.00 0.00 110.00 0.00 112.50 0.00 6.64431
4 25.00 0.00 160.00 0.00 115.00 0.00 130.00 0.00 0.598318
4 52.50 0.00 142.50 0.00 112.50 0.00 122.50 0.00 0.94894
4 57.50 0.00 147.50 0.00 107.50 0.00 117.50 0.00 0.696293
4 100.00 0.00 122.50 0.00 102.50 0.00 105.00 0.00 8.51624
4 92.50 0.00 137.50 0.00 97.50 0.00 102.50 0.00 4.54742
4 97.50 0.00 120.00 0.00 107.50 0.00 110.00 0.00 1.79665
4 95.00 0.00 117.50 0.00 110.00 0.00 112.50 0.00 2.67103
4 30.00 0.00 180.00 0.00 105.00 0.00 120.00 0.00 0.433763
4 0.00 0.00 180.00 0.00 120.00 0.00 135.00 0.00 0.400045
4 15.00 0.00 195.00 0.00 105.00 0.00 120.00 0.00 0.31734
4 15.00 0.00 165.00 0.00 120.00 0.00 135.00 0.00 0.572307
4 100.00 0.00 122.50 0.00 105.00 0.00 107.50 0.00 3.06695
4 45.00 0.00 195.00 0.00 90.00 0.00 105.00 0.00 0.848579
4 55.00 0.00 145.00 0.00 115.00 0.00 125.00 0.00 0.911002
4 85.00 0.00 130.00 0.00 110.00 0.00 115.00 0.00 1.14237
4 90.00 0.00 135.00 0.00 105.00 0.00 110.00 0.00 1.31536
4 95.00 0.00 140.00 0.00 100.00 0.00 105.00 0.00 4.69668
4 80.00 0.00 125.00 0.00 115.00 0.00 120.00 0.00 4.33707
4 60.00 0.00 150.00 0.00 110.00 0.00 120.00 0.00 0.663568
4 50.00 0.00 140.00 0.00 120.00 0.00 130.00 0.00 2.32875
4 97.50 0.00 120.00 0.00 110.00 0.00 112.50 0.00 1.70039
4 95.00 0.00 117.50 0.00 112.50 0.00 115.00 0.00 8.03084
4 82.50 0.00 127.50 0.00 112.50 0.00 117.50 0.00 1.63173
4 100.00 0.00 122.50 0.00 107.50 0.00 110.00 0.00 2.01734
4 50.00 0.00 185.00 0.00 95.00 0.00 110.00 0.00 0.8529
4 92.50 0.00 137.50 0.00 102.50 0.00 107.50 0.00 1.90416
4 5.00 0.00 170.00 0.00 125.00 0.00 140.00 0.00 0.592344
4 35.00 0.00 170.00 0.00 110.00 0.00 125.00 0.00 0.502603
4 5.00 0.00 200.00 0.00 110.00 0.00 125.00 0.00 0.275773
4 65.00 0.00 155.00 0.00 105.00 0.00 115.00 0.00 0.725039
4 35.00 0.00 200.00 0.00 95.00 0.00 110.00 0.00 0.562383
4 20.00 0.00 185.00 0.00 110.00 0.00 125.00 0.00 0.359649
4 87.50 0.00 132.50 0.00 107.50 0.00 112.50 0.00 1.08119
4 20.00 0.00 155.00 0.00 125.00 0.00 140.00 0.00 1.27284
4 65.00 0.00 200.00 0.00 80.00 0.00 95.00 0.00 2.82946
4 75.00 0.00 165.00 0.00 95.00 0.00 105.00 0.00 1.60896
4 70.00 0.00 160.00 0.00 100.00 0.00 110.00 0.00 1.00268
4 80.00 0.00 170.00 0.00 90.00 0.00 100.00 0.00 3.22959
4 102.50 0.00 125.00 0.00 105.00 0.00 107.50 0.00 8.53351
4 100.00 0.00 122.50 0.00 110.00 0.00 112.50 0.00 1.42374
4 102.50 0.00 125.00 0.00 107.50 0.00 110.00 0.00 3.23127
4 10.00 0.00 160.00 0.00 130.00 0.00 145.00 0.00 1.30222
4 40.00 0.00 190.00 0.00 100.00 0.00 115.00 0.00 0.617918
4 25.00 0.00 175.00 0.00 115.00 0.00 130.00 0.00 0.611016
4 10.00 0.00 190.00 0.00 115.00 0.00 130.00 0.00 0.32261
4 97.50 0.00 120.00 0.00 112.50 0.00 115.00 0.00 3.20143
4 85.00 0.00 130.00 0.00 115.00 0.00 120.00 0.00 1.72424
4 90.00 0.00 135.00 0.00 110.00 0.00 115.00 0.00 1.02428
4 95.00 0.00 140.00 0.00 105.00 0.00 110.00 0.00 1.82371
4 100.00 0.00 122.50 0.00 112.50 0.00 115.00 0.00 1.94414
4 82.50 0.00 127.50 0.00 117.50 0.00 122.50 0.00 4.77444
4 102.50 0.00 125.00 0.00 110.00 0.00 112.50 0.00 1.61004
4 45.00 0.00 180.00 0.00 105.00 0.00 120.00 0.00 0.540981
4 97.50 0.00 142.50 0.00 102.50 0.00 107.50 0.00 4.70713
4 30.00 0.00 195.00 0.00 105.00 0.00 120.00 0.00 0.378279
4 0.00 0.00 195.00 0.00 120.00 0.00 135.00 0.00 0.30787
4 0.00 0.00 165.00 0.00 135.00 0.00 150.00 0.00 1.33259
4 15.00 0.00 180.00 0.00 120.00 0.00 135.00 0.00 0.419483
4 87.50 0.00 132.50 0.00 112.50 0.00 117.50 0.00 1.11585
4 105.00 0.00 127.50 0.00 107.50 0.00 110.00 0.00 8.87484
4 30.00 0.00 165.00 0.00 120.00 0.00 135.00 0.00 0.610721
4 60.00 0.00 195.00 0.00 90.00 0.00 105.00 0.00 1.40029
4 52.50 0.00 142.50 0.00 122.50 0.00 132.50 0.00 2.10964
4 92.50 0.00 137.50 0.00 107.50 0.00 112.50 0.00 1.18209
4 97.50 0.00 120.00 0.00 115.00 0.00 117.50 0.00 8.57608
4 57.50 0.00 147.50 0.00 117.50 0.00 127.50 0.00 0.886519
4 102.50 0.00 125.00 0.00 112.50 0.00 115.00 0.00 1.65986
4 50.00 0.00 200.00 0.00 95.00 0.00 110.00 0.00 0.810945
4 35.00 0.00 185.00 0.00 110.00 0.00 125.00 0.00 0.423485
4 100.00 0.00 122.50 0.00 115.00 0.00 117.50 0.00 2.76028
4 20.00 0.00 200.00 0.00 110.00 0.00 125.00 0.00 0.303737
4 105.00 0.00 127.50 0.00 110.00 0.00 112.50 0.00 2.57046
4 20.00 0.00 170.00 0.00 125.00 0.00 140.00 0.00 0.612097
4 5.00 0.00 185.00 0.00 125.00 0.00 140.00 0.00 0.429945
4 90.00 0.00 135.00 0.00 115.00 0.00 120.00 0.00 1.12447
4 100.00 0.00 145.00 0.00 105.00 0.00 110.00 0.00 4.31875
4 60.00 0.00 150.00 0.00 120.00 0.00 130.00 0.00 0.842413
4 95.00 0.00 140.00 0.00 110.00 0.00 115.00 0.00 1.09051
4 85.00 0.00 130.00 0.00 120.00 0.00 125.00 0.00 4.91554
4 55.00 0.00 145.00 0.00 125.00 0.00 135.00 0.00 2.07335
4 102.50 0.00 125.00 0.00 115.00 0.00 117.50 0.00 1.66252
4 100.00 0.00 122.50 0.00 117.50 0.00 120.00 0.00 8.27873
4 87.50 0.00 132.50 0.00 117.50 0.00 122.50 0.00 1.91986
4 97.50 0.00 142.50 0.00 107.50 0.00 112.50 0.00 1.70168
4 55.00 0.00 190.00 0.00 100.00 0.00 115.00 0.00 0.769491
4 107.50 0.00 130.00 0.00 110.00 0.00 112.50 0.00 6.82954
4 25.00 0.00 190.00 0.00 115.00 0.00 130.00 0.00 0.352407
4 105.00 0.00 127.50 0.00 112.50 0.00 115.00 0.00 1.89099
4 10.00 0.00 175.00 0.00 130.00 0.00 145.00 0.00 -0.300649
4 75.00 0.00 165.00 0.00 105.00 0.00 115.00 0.00 0.868319
4 85.00 0.00 175.00 0.00 95.00 0.00 105.00 0.00 3.06401
4 70.00 0.00 160.00 0.00 110.00 0.00 120.00 0.00 0.630384
4 25.00 0.00 160.00 0.00 130.00 0.00 145.00 0.00 1.32541
4 92.50 0.00 137.50 0.00 112.50 0.00 117.50 0.00 0.973389
4 40.00 0.00 175.00 0.00 115.00 0.00 130.00 0.00 0.495548
4 65.00 0.00 155.00 0.00 115.00 0.00 125.00 0.00 0.627503
4 80.00 0.00 170.00 0.00 100.00 0.00 110.00 0.00 1.475
4 102.50 0.00 125.00 0.00 117.50 0.00 120.00 0.00 3.35228
4 107.50 0.00 130.00 0.00 112.50 0.00 115.00 0.00 2.94017
4 15.00 0.00 195.00 0.00 120.00 0.00 135.00 0.00 0.327487
4 45.00 0.00 195.00 0.00 105.00 0.00 120.00 0.00 0.485951
4 15.00 0.00 165.00 0.00 135.00 0.00 150.00 0.00 1.34796
4 30.00 0.00 180.00 0.00 120.00 0.00 135.00 0.00 0.452104
4 105.00 0.00 127.50 0.00 115.00 0.00 117.50 0.00 1.38315
4 0.00 0.00 180.00 0.00 135.00 0.00 150.00 0.00 0.678771
4 90.00 0.00 135.00 0.00 120.00 0.00 125.00 0.00 1.90033
4 100.00 0.00 145.00 0.00 110.00 0.00 115.00 0.00 1.50319
4 95.00 0.00 140.00 0.00 115.00 0.00 120.00 0.00 0.932479
4 102.50 0.00 125.00 0.00 120.00 0.00 122.50 0.00 8.98703
4 97.50 0.00 142.50 0.00 112.50 0.00 117.50 0.00 1.05627
4 87.50 0.00 132.50 0.00 122.50 0.00 127.50 0.00 5.18551
4 50.00 0.00 185.00 0.00 110.00 0.00 125.00 0.00 0.516651
4 35.00 0.00 200.00 0.00 110.00 0.00 125.00 0.00 0.366781
4 20.00 0.00 185.00 0.00 125.00 0.00 140.00 0.00 0.449764
4 102.50 0.00 147.50 0.00 107.50 0.00 112.50 0.00 4.09021
4 107.50 0.00 130.00 0.00 115.00 0.00 117.50 0.00 1.5086
4 110.00 0.00 132.50 0.00 112.50 0.00 115.00 0.00 8.92428
4 35.00 0.00 170.00 0.00 125.00 0.00 140.00 0.00 0.658785
4 5.00 0.00 200.00 0.00 125.00 0.00 140.00 0.00 0.379931
4 65.00 0.00 200.00 0.00 95.00 0.00 110.00 0.00 1.34985
4 105.00 0.00 127.50 0.00 117.50 0.00 120.00 0.00 2.06921
4 5.00 0.00 170.00 0.00 140.00 0.00 155.00 0.00 1.49733
4 57.50 0.00 147.50 0.00 127.50 0.00 137.50 0.00 2.0574
4 92.50 0.00 137.50 0.00 117.50 0.00 122.50 0.00 1.20984
4 107.50 0.00 130.00 0.00 117.50 0.00 120.00 0.00 1.71316
4 105.00 0.00 127.50 0.00 120.00 0.00 122.50 0.00 3.45101
4 40.00 0.00 190.00 0.00 115.00 0.00 130.00 0.00 0.415075
4 10.00 0.00 190.00 0.00 130.00 0.00 145.00 0.00 0.462534
4 25.00 0.00 175.00 0.00 130.00 0.00 145.00 0.00 0.493902
4 110.00 0.00 132.50 0.00 115.00 0.00 117.50 0.00 2.44713
4 90.00 0.00 135.00 0.00 125.00 0.00 130.00 0.00 5.34647
4 95.00 0.00 140.00 0.00 120.00 0.00 125.00 0.00 1.14036
4 100.00 0.00 145.00 0.00 115.00 0.00 120.00 0.00 0.988951
4 105.00 0.00 150.00 0.00 110.00 0.00 115.00 0.00 3.73354
4 60.00 0.00 150.00 0.00 130.00 0.00 140.00 0.00 2.13675
4 107.50 0.00 130.00 0.00 120.00 0.00 122.50 0.00 2.16403
4 102.50 0.00 147.50 0.00 112.50 0.00 117.50 0.00 1.50537
4 97.50 0.00 142.50 0.00 117.50 0.00 122.50 0.00 1.00574
4 112.50 0.00 135.00 0.00 115.00 0.00 117.50 0.00 6.30675
4 30.00 0.00 195.00 0.00 120.00 0.00 135.00 0.00 0.363499
4 0.00 0.00 195.00 0.00 135.00 0.00 150.00 0.00 0.677401
4 60.00 0.00 195.00 0.00 105.00 0.00 120.00 0.00 0.676065
4 110.00 0.00 132.50 0.00 117.50 0.00 120.00 0.00 1.92627
4 70.00 0.00 160.00 0.00 120.00 0.00 130.00 0.00 0.612227
4 105.00 0.00 127.50 0.00 122.50 0.00 125.00 0.00 9.59224
4 30.00 0.00 165.00 0.00 135.00 0.00 150.00 0.00 1.37655
4 45.00 0.00 180.00 0.00 120.00 0.00 135.00 0.00 0.510875
4 90.00 0.00 180.00 0.00 100.00 0.00 110.00 0.00 2.90262
4 65.00 0.00 155.00 0.00 125.00 0.00 135.00 0.00 0.774584
4 75.00 0.00 165.00 0.00 115.00 0.00 125.00 0.00 0.623976
4 85.00 0.00 175.00 0.00 105.00 0.00 115.00 0.00 1.23406
4 80.00 0.00 170.00 0.00 110.00 0.00 120.00 0.00 0.766785
4 15.00 0.00 180.00 0.00 135.00 0.00 150.00 0.00 0.694347
4 92.50 0.00 137.50 0.00 122.50 0.00 127.50 0.00 1.81303
4 112.50 0.00 135.00 0.00 117.50 0.00 120.00 0.00 3.04068
4 110.00 0.00 132.50 0.00 120.00 0.00 122.50 0.00 1.82411
4 20.00 0.00 170.00 0.00 140.00 0.00 155.00 0.00 1.51735
4 50.00 0.00 200.00 0.00 110.00 0.00 125.00 0.00 0.463083
4 35.00 0.00 185.00 0.00 125.00 0.00 140.00 0.00 0.494334
4 5.00 0.00 185.00 0.00 140.00 0.00 155.00 0.00 0.757381
4 107.50 0.00 130.00 0.00 122.50 0.00 125.00 0.00 3.84889
4 20.00 0.00 200.00 0.00 125.00 0.00 140.00 0.00 0.399696
4 105.00 0.00 150.00 0.00 115.00 0.00 120.00 0.00 1.40977
4 100.00 0.00 145.00 0.00 120.00 0.00 125.00 0.00 0.953961
4 95.00 0.00 140.00 0.00 125.00 0.00 130.00 0.00 1.73444
4 110.00 0.00 132.50 0.00 122.50 0.00 125.00 0.00 2.1813
4 107.50 0.00 130.00 0.00 125.00 0.00 127.50 0.00 10.1254
4 115.00 0.00 137.50 0.00 117.50 0.00 120.00 0.00 7.69656
4 40.00 0.00 175.00 0.00 130.00 0.00 145.00 0.00 0.717621
4 112.50 0.00 135.00 0.00 120.00 0.00 122.50 0.00 1.98347
4 97.50 0.00 142.50 0.00 122.50 0.00 127.50 0.00 1.03048
4 25.00 0.00 190.00 0.00 130.00 0.00 145.00 0.00 0.486012
4 10.00 0.00 175.00 0.00 145.00 0.00 160.00 0.00 1.48722
4 55.00 0.00 190.00 0.00 115.00 0.00 130.00 0.00 0.50794
4 102.50 0.00 147.50 0.00 117.50 0.00 122.50 0.00 1.09908
4 92.50 0.00 137.50 0.00 127.50 0.00 132.50 0.00 5.31399
4 107.50 0.00 152.50 0.00 112.50 0.00 117.50 0.00 6.1795
4 30.00 0.00 180.00 0.00 135.00 0.00 150.00 0.00 0.726978
4 45.00 0.00 195.00 0.00 120.00 0.00 135.00 0.00 0.42211
4 15.00 0.00 195.00 0.00 135.00 0.00 150.00 0.00 0.695014
4 0.00 0.00 180.00 0.00 150.00 0.00 165.00 0.00 1.44791
4 110.00 0.00 132.50 0.00 125.00 0.00 127.50 0.00 3.81638
4 115.00 0.00 137.50 0.00 120.00 0.00 122.50 0.00 3.20665
4 112.50 0.00 135.00 0.00 122.50 0.00 125.00 0.00 1.70416
4 105.00 0.00 150.00 0.00 120.00 0.00 125.00 0.00 1.06171
4 95.00 0.00 140.00 0.00 130.00 0.00 135.00 0.00 5.30552
4 100.00 0.00 145.00 0.00 125.00 0.00 130.00 0.00 0.996875
4 115.00 0.00 137.50 0.00 122.50 0.00 125.00 0.00 1.84144
4 110.00 0.00 155.00 0.00 115.00 0.00 120.00 0.00 3.52991
4 97.50 0.00 142.50 0.00 127.50 0.00 132.50 0.00 1.61317
4 102.50 0.00 147.50 0.00 122.50 0.00 127.50 0.00 0.883311
4 70.00 0.00 160.00 0.00 130.00 0.00 140.00 0.00 0.835886
4 5.00 0.00 200.00 0.00 140.00 0.00 155.00 0.00 0.474651
4 65.00 0.00 155.00 0.00 135.00 0.00 145.00 0.00 1.95594
4 35.00 0.00 170.00 0.00 140.00 0.00 155.00 0.00 1.54832
4 35.00 0.00 200.00 0.00 125.00 0.00 140.00 0.00 0.443612
4 20.00 0.00 185.00 0.00 140.00 0.00 155.00 0.00 0.773607
4 112.50 0.00 135.00 0.00 125.00 0.00 127.50 0.00 2.1649
4 85.00 0.00 175.00 0.00 115.00 0.00 125.00 0.00 0.743226
4 117.50 0.00 140.00 0.00 120.00 0.00 122.50 0.00 9.06117
4 50.00 0.00 185.00 0.00 125.00 0.00 140.00 0.00 0.551025
4 65.00 0.00 200.00 0.00 110.00 0.00 125.00 0.00 0.651308
4 90.00 0.00 180.00 0.00 110.00 0.00 120.00 0.00 1.08459
4 95.00 0.00 185.00 0.00 105.00 0.00 115.00 0.00 2.46725
4 110.00 0.00 132.50 0.00 127.50 0.00 130.00 0.00 15.6154
4 75.00 0.00 165.00 0.00 125.00 0.00 135.00 0.00 0.607453
4 80.00 0.00 170.00 0.00 120.00 0.00 130.00 0.00 0.85003
4 107.50 0.00 152.50 0.00 117.50 0.00 122.50 0.00 1.59489
4 117.50 0.00 140.00 0.00 122.50 0.00 125.00 0.00 2.79117
4 115.00 0.00 137.50 0.00 125.00 0.00 127.50 0.00 1.70282
4 40.00 0.00 190.00 0.00 130.00 0.00 145.00 0.00 0.533594
4 112.50 0.00 135.00 0.00 127.50 0.00 130.00 0.00 4.17801
4 10.00 0.00 190.00 0.00 145.00 0.00 160.00 0.00 0.731494
4 25.00 0.00 175.00 0.00 145.00 0.00 160.00 0.00 1.50889
4 100.00 0.00 145.00 0.00 130.00 0.00 135.00 0.00 1.60035
4 105.00 0.00 150.00 0.00 125.00 0.00 130.00 0.00 0.862221
4 120.00 0.00 142.50 0.00 122.50 0.00 125.00 0.00 7.91867
4 112.50 0.00 135.00 0.00 130.00 0.00 132.50 0.00 13.6687
4 115.00 0.00 137.50 0.00 127.50 0.00 130.00 0.00 2.32234
4 117.50 0.00 140.00 0.00 125.00 0.00 127.50 0.00 1.81916
4 110.00 0.00 155.00 0.00 120.00 0.00 125.00 0.00 1.616
4 102.50 0.00 147.50 0.00 127.50 0.00 132.50 0.00 0.969847
4 0.00 0.00 195.00 0.00 150.00 0.00 165.00 0.00 0.449778
4 15.00 0.00 180.00 0.00 150.00 0.00 165.00 0.00 1.4593
4 45.00 0.00 180.00 0.00 135.00 0.00 150.00 0.00 0.772404
4 30.00 0.00 195.00 0.00 135.00 0.00 150.00 0.00 0.721012
4 97.50 0.00 142.50 0.00 132.50 0.00 137.50 0.00 5.02187
4 60.00 0.00 195.00 0.00 120.00 0.00 135.00 0.00 0.514835
4 107.50 0.00 152.50 0.00 122.50 0.00 127.50 0.00 0.982391
4 112.50 0.00 157.50 0.00 117.50 0.00 122.50 0.00 3.9289
4 120.00 0.00 142.50 0.00 125.00 0.00 127.50 0.00 3.00648
4 115.00 0.00 137.50 0.00 130.00 0.00 132.50 0.00 3.73423
4 20.00 0.00 200.00 0.00 140.00 0.00 155.00 0.00 0.491168
4 35.00 0.00 185.00 0.00 140.00 0.00 155.00 0.00 0.806183
4 50.00 0.00 200.00 0.00 125.00 0.00 140.00 0.00 0.503086
4 117.50 0.00 140.00 0.00 127.50 0.00 130.00 0.00 2.09305
4 5.00 0.00 185.00 0.00 155.00 0.00 170.00 0.00 1.4783
4 100.00 0.00 145.00 0.00 135.00 0.00 140.00 0.00 5.27318
4 105.00 0.00 150.00 0.00 130.00 0.00 135.00 0.00 0.976798
4 122.50 0.00 145.00 0.00 125.00 0.00 127.50 0.00 8.53695
4 117.50 0.00 140.00 0.00 130.00 0.00 132.50 0.00 2.22261
4 115.00 0.00 160.00 0.00 120.00 0.00 125.00 0.00 4.16556
4 102.50 0.00 147.50 0.00 132.50 0.00 137.50 0.00 1.61811
4 110.00 0.00 155.00 0.00 125.00 0.00 130.00 0.00 0.98799
4 120.00 0.00 142.50 0.00 127.50 0.00 130.00 0.00 1.89984
4 70.00 0.00 160.00 0.00 140.00 0.00 150.00 0.00 1.98402
4 25.00 0.00 190.00 0.00 145.00 0.00 160.00 0.00 0.748421
4 75.00 0.00 165.00 0.00 135.00 0.00 145.00 0.00 0.899254
4 95.00 0.00 185.00 0.00 115.00 0.00 125.00 0.00 1.05509
4 80.00 0.00 170.00 0.00 130.00 0.00 140.00 0.00 0.466235
4 115.00 0.00 137.50 0.00 132.50 0.00 135.00 0.00 13.0514
4 40.00 0.00 175.00 0.00 145.00 0.00 160.00 0.00 1.54174
4 55.00 0.00 190.00 0.00 130.00 0.00 145.00 0.00 0.596337
4 90.00 0.00 180.00 0.00 120.00 0.00 130.00 0.00 0.758649
4 100.00 0.00 190.00 0.00 110.00 0.00 120.00 0.00 2.12585
4 85.00 0.00 175.00 0.00 125.00 0.00 135.00 0.00 0.651531
4 112.50 0.00 157.50 0.00 122.50 0.00 127.50 0.00 1.47729
4 107.50 0.00 152.50 0.00 127.50 0.00 132.50 0.00 0.851305
4 122.50 0.00 145.00 0.00 127.50 0.00 130.00 0.00 3.17016
4 30.00 0.00 180.00 0.00 150.00 0.00 165.00 0.00 1.4783
4 45.00 0.00 195.00 0.00 135.00 0.00 150.00 0.00 0.652705
4 117.50 0.00 140.00 0.00 132.50 0.00 135.00 0.00 3.71274
4 15.00 0.00 195.00 0.00 150.00 0.00 165.00 0.00 0.460569
4 120.00 0.00 142.50 0.00 130.00 0.00 132.50 0.00 1.64125
4 105.00 0.00 150.00 0.00 135.00 0.00 140.00 0.00 1.72267
4 115.00 0.00 160.00 0.00 125.00 0.00 130.00 0.00 1.52798
4 110.00 0.00 155.00 0.00 130.00 0.00 135.00 0.00 0.854643
4 125.00 0.00 147.50 0.00 127.50 0.00 130.00 0.00 9.10003
4 20.00 0.00 185.00 0.00 155.00 0.00 170.00 0.00 1.48677
4 5.00 0.00 200.00 0.00 155.00 0.00 170.00 0.00 0.758208
4 35.00 0.00 200.00 0.00 140.00 0.00 155.00 0.00 0.527481
4 102.50 0.00 147.50 0.00 137.50 0.00 142.50 0.00 5.60965
4 117.50 0.00 140.00 0.00 135.00 0.00 137.50 0.00 13.5466
4 50.00 0.00 185.00 0.00 140.00 0.00 155.00 0.00 0.852202
4 65.00 0.00 200.00 0.00 125.00 0.00 140.00 0.00 0.602531
4 122.50 0.00 145.00 0.00 130.00 0.00 132.50 0.00 1.95579
4 120.00 0.00 142.50 0.00 132.50 0.00 135.00 0.00 2.03117
4 107.50 0.00 152.50 0.00 132.50 0.00 137.50 0.00 1.00296
4 112.50 0.00 157.50 0.00 127.50 0.00 132.50 0.00 0.977675
4 102.50 0.00 192.50 0.00 112.50 0.00 122.50 0.00 2.57699
4 117.50 0.00 162.50 0.00 122.50 0.00 127.50 0.00 3.81383
4 122.50 0.00 145.00 0.00 132.50 0.00 135.00 0.00 1.72045
4 120.00 0.00 142.50 0.00 135.00 0.00 137.50 0.00 3.92929
4 40.00 0.00 190.00 0.00 145.00 0.00 160.00 0.00 0.783021
4 10.00 0.00 190.00 0.00 160.00 0.00 175.00 0.00 1.48385
4 125.00 0.00 147.50 0.00 130.00 0.00 132.50 0.00 3.53939
4 105.00 0.00 150.00 0.00 140.00 0.00 145.00 0.00 4.89701
4 122.50 0.00 145.00 0.00 135.00 0.00 137.50 0.00 2.19858
4 127.50 0.00 150.00 0.00 130.00 0.00 132.50 0.00 9.88516
4 115.00 0.00 160.00 0.00 130.00 0.00 135.00 0.00 1.0125
4 120.00 0.00 142.50 0.00 137.50 0.00 140.00 0.00 13.3976
4 125.00 0.00 147.50 0.00 132.50 0.00 135.00 0.00 2.10384
4 45.00 0.00 180.00 0.00 150.00 0.00 165.00 0.00 1.50738
4 110.00 0.00 155.00 0.00 135.00 0.00 140.00 0.00 1.04186
4 30.00 0.00 195.00 0.00 150.00 0.00 165.00 0.00 0.490708
4 95.00 0.00 185.00 0.00 125.00 0.00 135.00 0.00 0.748439
4 100.00 0.00 190.00 0.00 120.00 0.00 130.00 0.00 1.07091
4 120.00 0.00 165.00 0.00 125.00 0.00 130.00 0.00 4.18289
4 0.00 0.00 195.00 0.00 165.00 0.00 180.00 0.00 1.46845
4 105.00 0.00 195.00 0.00 115.00 0.00 125.00 0.00 2.11689
4 85.00 0.00 175.00 0.00 135.00 0.00 145.00 0.00 0.702516
4 60.00 0.00 195.00 0.00 135.00 0.00 150.00 0.00 0.718726
4 90.00 0.00 180.00 0.00 130.00 0.00 140.00 0.00 0.688002
4 80.00 0.00 170.00 0.00 140.00 0.00 150.00 0.00 0.947175
4 75.00 0.00 165.00 0.00 145.00 0.00 155.00 0.00 2.20763
4 112.50 0.00 157.50 0.00 132.50 0.00 137.50 0.00 0.896525
4 107.50 0.00 152.50 0.00 137.50 0.00 142.50 0.00 1.73167
4 117.50 0.00 162.50 0.00 127.50 0.00 132.50 0.00 1.53495
4 125.00 0.00 147.50 0.00 135.00 0.00 137.50 0.00 1.8509
4 50.00 0.00 200.00 0.00 140.00 0.00 155.00 0.00 0.567361
4 35.00 0.00 185.00 0.00 155.00 0.00 170.00 0.00 1.50179
4 127.50 0.00 150.00 0.00 132.50 0.00 135.00 0.00 3.63108
4 20.00 0.00 200.00 0.00 155.00 0.00 170.00 0.00 0.753751
4 122.50 0.00 145.00 0.00 137.50 0.00 140.00 0.00 4.00062
4 115.00 0.00 160.00 0.00 135.00 0.00 140.00 0.00 0.971712
4 122.50 0.00 145.00 0.00 140.00 0.00 142.50 0.00 11.9534
4 125.00 0.00 147.50 0.00 137.50 0.00 140.00 0.00 2.22623
4 127.50 0.00 150.00 0.00 135.00 0.00 137.50 0.00 2.2581
4 110.00 0.00 155.00 0.00 140.00 0.00 145.00 0.00 1.52577
4 120.00 0.00 165.00 0.00 130.00 0.00 135.00 0.00 1.64876
4 55.00 0.00 190.00 0.00 145.00 0.00 160.00 0.00 0.825016
4 25.00 0.00 190.00 0.00 160.00 0.00 175.00 0.00 1.49364
4 122.50 0.00 167.50 0.00 127.50 0.00 132.50 0.00 4.80259
4 117.50 0.00 162.50 0.00 132.50 0.00 137.50 0.00 1.06791
4 130.00 0.00 152.50 0.00 132.50 0.00 135.00 0.00 11.5202
4 107.50 0.00 152.50 0.00 142.50 0.00 147.50 0.00 4.31892
4 112.50 0.00 157.50 0.00 137.50 0.00 142.50 0.00 1.09152
4 107.50 0.00 197.50 0.00 117.50 0.00 127.50 0.00 2.23122
4 102.50 0.00 192.50 0.00 122.50 0.00 132.50 0.00 1.03501
4 127.50 0.00 150.00 0.00 137.50 0.00 140.00 0.00 1.92616
4 125.00 0.00 147.50 0.00 140.00 0.00 142.50 0.00 4.34726
4 15.00 0.00 195.00 0.00 165.00 0.00 180.00 0.00 1.46001
4 45.00 0.00 195.00 0.00 150.00 0.00 165.00 0.00 0.633829
4 130.00 0.00 152.50 0.00 135.00 0.00 137.50 0.00 3.97678
4 125.00 0.00 147.50 0.00 142.50 0.00 145.00 0.00 9.74633
4 125.00 0.00 170.00 0.00 130.00 0.00 135.00 0.00 5.02293
4 120.00 0.00 165.00 0.00 135.00 0.00 140.00 0.00 1.17526
4 127.50 0.00 150.00 0.00 140.00 0.00 142.50 0.00 2.50378
4 35.00 0.00 200.00 0.00 155.00 0.00 170.00 0.00 0.780152
4 115.00 0.00 160.00 0.00 140.00 0.00 145.00 0.00 1.03806
4 110.00 0.00 155.00 0.00 145.00 0.00 150.00 0.00 4.54894
4 95.00 0.00 185.00 0.00 135.00 0.00 145.00 0.00 0.752451
4 65.00 0.00 200.00 0.00 140.00 0.00 155.00 0.00 0.631872
4 105.00 0.00 195.00 0.00 125.00 0.00 135.00 0.00 1.04425
4 50.00 0.00 185.00 0.00 155.00 0.00 170.00 0.00 1.52858
4 90.00 0.00 180.00 0.00 140.00 0.00 150.00 0.00 0.757079
4 5.00 0.00 200.00 0.00 170.00 0.00 185.00 0.00 1.66838
4 100.00 0.00 190.00 0.00 130.00 0.00 140.00 0.00 0.810689
4 85.00 0.00 175.00 0.00 145.00 0.00 155.00 0.00 1.01836
4 110.00 0.00 200.00 0.00 120.00 0.00 130.00 0.00 2.31384
4 80.00 0.00 170.00 0.00 150.00 0.00 160.00 0.00 2.12326
4 130.00 0.00 152.50 0.00 137.50 0.00 140.00 0.00 2.33534
4 132.50 0.00 155.00 0.00 135.00 0.00 137.50 0.00 13.6738
4 122.50 0.00 167.50 0.00 132.50 0.00 137.50 0.00 1.81246
4 112.50 0.00 157.50 0.00 142.50 0.00 147.50 0.00 1.4772
4 117.50 0.00 162.50 0.00 137.50 0.00 142.50 0.00 0.968256
4 127.50 0.00 150.00 0.00 142.50 0.00 145.00 0.00 3.38344
4 40.00 0.00 190.00 0.00 160.00 0.00 175.00 0.00 1.5136
4 130.00 0.00 152.50 0.00 140.00 0.00 142.50 0.00 1.99723
4 132.50 0.00 155.00 0.00 137.50 0.00 140.00 0.00 4.01226
4 127.50 0.00 150.00 0.00 145.00 0.00 147.50 0.00 14.0391
4 115.00 0.00 160.00 0.00 145.00 0.00 150.00 0.00 1.48914
4 30.00 0.00 195.00 0.00 165.00 0.00 180.00 0.00 1.46408
4 60.00 0.00 195.00 0.00 150.00 0.00 165.00 0.00 0.672749
4 125.00 0.00 170.00 0.00 135.00 0.00 140.00 0.00 1.69082
4 120.00 0.00 165.00 0.00 140.00 0.00 145.00 0.00 0.98081
4 130.00 0.00 152.50 0.00 142.50 0.00 145.00 0.00 1.87476
4 122.50 0.00 167.50 0.00 137.50 0.00 142.50 0.00 1.26073
4 112.50 0.00 157.50 0.00 147.50 0.00 152.50 0.00 4.14709
4 127.50 0.00 172.50 0.00 132.50 0.00 137.50 0.00 5.89149
4 135.00 0.00 157.50 0.00 137.50 0.00 140.00 0.00 13.1799
4 132.50 0.00 155.00 0.00 140.00 0.00 142.50 0.00 2.40745
4 117.50 0.00 162.50 0.00 142.50 0.00 147.50 0.00 0.996658
4 107.50 0.00 197.50 0.00 127.50 0.00 137.50 0.00 1.07801
4 102.50 0.00 192.50 0.00 132.50 0.00 142.50 0.00 0.859079
4 20.00 0.00 200.00 0.00 170.00 0.00 185.00 0.00 1.68902
4 50.00 0.00 200.00 0.00 155.00 0.00 170.00 0.00 0.820426
4 132.50 0.00 155.00 0.00 142.50 0.00 145.00 0.00 1.55682
4 130.00 0.00 152.50 0.00 145.00 0.00 147.50 0.00 3.42571
4 135.00 0.00 157.50 0.00 140.00 0.00 142.50 0.00 4.349
4 125.00 0.00 170.00 0.00 140.00 0.00 145.00 0.00 1.19801
4 120.00 0.00 165.00 0.00 145.00 0.00 150.00 0.00 0.987924
4 115.00 0.00 160.00 0.00 150.00 0.00 155.00 0.00 5.56374
4 105.00 0.00 195.00 0.00 135.00 0.00 145.00 0.00 0.877868
4 95.00 0.00 185.00 0.00 145.00 0.00 155.00 0.00 0.813145
4 55.00 0.00 190.00 0.00 160.00 0.00 175.00 0.00 1.53514
4 90.00 0.00 180.00 0.00 150.00 0.00 160.00 0.00 0.999956
4 130.00 0.00 175.00 0.00 135.00 0.00 140.00 0.00 6.05989
4 100.00 0.00 190.00 0.00 140.00 0.00 150.00 0.00 0.758975
4 110.00 0.00 200.00 0.00 130.00 0.00 140.00 0.00 1.18302
4 85.00 0.00 175.00 0.00 155.00 0.00 165.00 0.00 1.97872
4 137.50 0.00 160.00 0.00 140.00 0.00 142.50 0.00 13.572
4 132.50 0.00 155.00 0.00 145.00 0.00 147.50 0.00 1.86221
4 127.50 0.00 172.50 0.00 137.50 0.00 142.50 0.00 2.23777
4 122.50 0.00 167.50 0.00 142.50 0.00 147.50 0.00 0.930714
4 117.50 0.00 162.50 0.00 147.50 0.00 152.50 0.00 1.53669
4 130.00 0.00 152.50 0.00 147.50 0.00 150.00 0.00 8.88287
4 135.00 0.00 157.50 0.00 142.50 0.00 145.00 0.00 1.95966
4 45.00 0.00 195.00 0.00 165.00 0.00 180.00 0.00 1.48115
4 137.50 0.00 160.00 0.00 142.50 0.00 145.00 0.00 3.53685
4 132.50 0.00 155.00 0.00 147.50 0.00 150.00 0.00 2.77667
4 135.00 0.00 157.50 0.00 145.00 0.00 147.50 0.00 1.65588
4 120.00 0.00 165.00 0.00 150.00 0.00 155.00 0.00 1.73591
4 130.00 0.00 175.00 0.00 140.00 0.00 145.00 0.00 2.40203
4 125.00 0.00 170.00 0.00 145.00 0.00 150.00 0.00 0.957975
4 65.00 0.00 200.00 0.00 155.00 0.00 170.00 0.00 0.847248
4 35.00 0.00 200.00 0.00 170.00 0.00 185.00 0.00 1.69711
4 135.00 0.00 157.50 0.00 147.50 0.00 150.00 0.00 1.69092
4 132.50 0.00 177.50 0.00 137.50 0.00 142.50 0.00 5.75945
4 122.50 0.00 167.50 0.00 147.50 0.00 152.50 0.00 1.01234
4 117.50 0.00 162.50 0.00 152.50 0.00 157.50 0.00 4.80198
4 132.50 0.00 155.00 0.00 150.00 0.00 152.50 0.00 8.64345
4 127.50 0.00 172.50 0.00 142.50 0.00 147.50 0.00 1.10948
4 137.50 0.00 160.00 0.00 145.00 0.00 147.50 0.00 2.10557
4 102.50 0.00 192.50 0.00 142.50 0.00 152.50 0.00 0.743409
4 107.50 0.00 197.50 0.00 137.50 0.00 147.50 0.00 0.823445
4 140.00 0.00 162.50 0.00 142.50 0.00 145.00 0.00 11.2263
4 140.00 0.00 162.50 0.00 145.00 0.00 147.50 0.00 3.92635
4 135.00 0.00 157.50 0.00 150.00 0.00 152.50 0.00 3.21207
4 137.50 0.00 160.00 0.00 147.50 0.00 150.00 0.00 1.51142
4 120.00 0.00 165.00 0.00 155.00 0.00 160.00 0.00 4.46086
4 135.00 0.00 180.00 0.00 140.00 0.00 145.00 0.00 5.8751
4 95.00 0.00 185.00 0.00 155.00 0.00 165.00 0.00 0.900117
4 100.00 0.00 190.00 0.00 150.00 0.00 160.00 0.00 0.761179
4 110.00 0.00 200.00 0.00 140.00 0.00 150.00 0.00 0.816779
4 125.00 0.00 170.00 0.00 150.00 0.00 155.00 0.00 1.10997
4 90.00 0.00 180.00 0.00 160.00 0.00 170.00 0.00 2.10651
4 105.00 0.00 195.00 0.00 145.00 0.00 155.00 0.00 0.885505
4 60.00 0.00 195.00 0.00 165.00 0.00 180.00 0.00 1.50189
4 130.00 0.00 175.00 0.00 145.00 0.00 150.00 0.00 1.08612
4 122.50 0.00 167.50 0.00 152.50 0.00 157.50 0.00 1.6323
4 132.50 0.00 177.50 0.00 142.50 0.00 147.50 0.00 1.75685
4 140.00 0.00 162.50 0.00 147.50 0.00 150.00 0.00 1.94083
4 127.50 0.00 172.50 0.00 147.50 0.00 152.50 0.00 0.92827
4 142.50 0.00 165.00 0.00 145.00 0.00 147.50 0.00 11.8741
4 135.00 0.00 157.50 0.00 152.50 0.00 155.00 0.00 11.3546
4 137.50 0.00 160.00 0.00 150.00 0.00 152.50 0.00 1.95646
4 50.00 0.00 200.00 0.00 170.00 0.00 185.00 0.00 1.69334
4 137.50 0.00 160.00 0.00 152.50 0.00 155.00 0.00 3.95697
4 142.50 0.00 165.00 0.00 147.50 0.00 150.00 0.00 3.64197
4 140.00 0.00 162.50 0.00 150.00 0.00 152.50 0.00 1.71777
4 130.00 0.00 175.00 0.00 150.00 0.00 155.00 0.00 1.00697
4 135.00 0.00 180.00 0.00 145.00 0.00 150.00 0.00 1.73242
4 125.00 0.00 170.00 0.00 155.00 0.00 160.00 0.00 1.4586
4 137.50 0.00 160.00 0.00 155.00 0.00 157.50 0.00 10.5693
4 137.50 0.00 182.50 0.00 142.50 0.00 147.50 0.00 5.04355
4 132.50 0.00 177.50 0.00 147.50 0.00 152.50 0.00 1.07107
4 127.50 0.00 172.50 0.00 152.50 0.00 157.50 0.00 1.05459
4 140.00 0.00 162.50 0.00 152.50 0.00 155.00 0.00 2.16725
4 142.50 0.00 165.00 0.00 150.00 0.00 152.50 0.00 2.33888
4 145.00 0.00 167.50 0.00 147.50 0.00 150.00 0.00 10.2807
4 107.50 0.00 197.50 0.00 147.50 0.00 157.50 0.00 0.797192
4 102.50 0.00 192.50 0.00 152.50 0.00 162.50 0.00 0.696562
4 122.50 0.00 167.50 0.00 157.50 0.00 162.50 0.00 4.36301
4 142.50 0.00 165.00 0.00 152.50 0.00 155.00 0.00 1.84619
4 145.00 0.00 167.50 0.00 150.00 0.00 152.50 0.00 3.89718
4 140.00 0.00 162.50 0.00 155.00 0.00 157.50 0.00 3.37718
4 130.00 0.00 175.00 0.00 155.00 0.00 160.00 0.00 0.924717
4 125.00 0.00 170.00 0.00 160.00 0.00 165.00 0.00 4.30232
4 140.00 0.00 185.00 0.00 145.00 0.00 150.00 0.00 5.30593
4 105.00 0.00 195.00 0.00 155.00 0.00 165.00 0.00 0.513049
4 65.00 0.00 200.00 0.00 170.00 0.00 185.00 0.00 1.72597
4 95.00 0.00 185.00 0.00 165.00 0.00 175.00 0.00 2.45124
4 100.00 0.00 190.00 0.00 160.00 0.00 170.00 0.00 1.18689
4 110.00 0.00 200.00 0.00 150.00 0.00 160.00 0.00 0.745306
4 135.00 0.00 180.00 0.00 150.00 0.00 155.00 0.00 1.14421
4 147.50 0.00 170.00 0.00 150.00 0.00 152.50 0.00 12.7911
4 127.50 0.00 172.50 0.00 157.50 0.00 162.50 0.00 1.44743
4 145.00 0.00 167.50 0.00 152.50 0.00 155.00 0.00 2.14077
4 142.50 0.00 165.00 0.00 155.00 0.00 157.50 0.00 1.86417
4 140.00 0.00 162.50 0.00 157.50 0.00 160.00 0.00 9.06364
4 137.50 0.00 182.50 0.00 147.50 0.00 152.50 0.00 1.71615
4 132.50 0.00 177.50 0.00 152.50 0.00 157.50 0.00 0.929852
4 147.50 0.00 170.00 0.00 152.50 0.00 155.00 0.00 3.70438
4 145.00 0.00 167.50 0.00 155.00 0.00 157.50 0.00 1.48428
4 142.50 0.00 165.00 0.00 157.50 0.00 160.00 0.00 3.08022
4 140.00 0.00 185.00 0.00 150.00 0.00 155.00 0.00 1.85886
4 130.00 0.00 175.00 0.00 160.00 0.00 165.00 0.00 1.40405
4 135.00 0.00 180.00 0.00 155.00 0.00 160.00 0.00 0.801801
4 137.50 0.00 182.50 0.00 152.50 0.00 157.50 0.00 1.05622
4 132.50 0.00 177.50 0.00 157.50 0.00 162.50 0.00 0.91436
4 147.50 0.00 170.00 0.00 155.00 0.00 157.50 0.00 1.73422
4 145.00 0.00 167.50 0.00 157.50 0.00 160.00 0.00 1.682
4 127.50 0.00 172.50 0.00 162.50 0.00 167.50 0.00 4.1865
4 150.00 0.00 172.50 0.00 152.50 0.00 155.00 0.00 9.83701
4 142.50 0.00 165.00 0.00 160.00 0.00 162.50 0.00 10.2879
4 142.50 0.00 187.50 0.00 147.50 0.00 152.50 0.00 5.29754
4 107.50 0.00 197.50 0.00 157.50 0.00 167.50 0.00 0.606157
4 102.50 0.00 192.50 0.00 162.50 0.00 172.50 0.00 0.820895
4 147.50 0.00 170.00 0.00 157.50 0.00 160.00 0.00 1.39874
4 145.00 0.00 167.50 0.00 160.00 0.00 162.50 0.00 3.26135
4 150.00 0.00 172.50 0.00 155.00 0.00 157.50 0.00 2.83608
4 130.00 0.00 175.00 0.00 165.00 0.00 170.00 0.00 4.46466
4 145.00 0.00 190.00 0.00 150.00 0.00 155.00 0.00 5.29513
4 135.00 0.00 180.00 0.00 160.00 0.00 165.00 0.00 0.864251
4 100.00 0.00 190.00 0.00 170.00 0.00 180.00 0.00 2.34152
4 140.00 0.00 185.00 0.00 155.00 0.00 160.00 0.00 0.922199
4 110.00 0.00 200.00 0.00 160.00 0.00 170.00 0.00 0.730394
4 105.00 0.00 195.00 0.00 165.00 0.00 175.00 0.00 0.81713
4 147.50 0.00 170.00 0.00 160.00 0.00 162.50 0.00 1.76403
4 145.00 0.00 167.50 0.00 162.50 0.00 165.00 0.00 9.24844
4 132.50 0.00 177.50 0.00 162.50 0.00 167.50 0.00 1.46799
4 150.00 0.00 172.50 0.00 157.50 0.00 160.00 0.00 1.64249
4 142.50 0.00 187.50 0.00 152.50 0.00 157.50 0.00 1.72386
4 137.50 0.00 182.50 0.00 157.50 0.00 162.50 0.00 0.791203
4 152.50 0.00 175.00 0.00 155.00 0.00 157.50 0.00 8.29189
4 150.00 0.00 172.50 0.00 160.00 0.00 162.50 0.00 1.4627
4 152.50 0.00 175.00 0.00 157.50 0.00 160.00 0.00 2.94464
4 147.50 0.00 170.00 0.00 162.50 0.00 165.00 0.00 2.80595
4 140.00 0.00 185.00 0.00 160.00 0.00 165.00 0.00 0.762432
4 145.00 0.00 190.00 0.00 155.00 0.00 160.00 0.00 1.42605
4 135.00 0.00 180.00 0.00 165.00 0.00 170.00 0.00 1.14814
4 150.00 0.00 172.50 0.00 162.50 0.00 165.00 0.00 1.59408
4 132.50 0.00 177.50 0.00 167.50 0.00 172.50 0.00 4.88562
4 147.50 0.00 192.50 0.00 152.50 0.00 157.50 0.00 4.72117
4 137.50 0.00 182.50 0.00 162.50 0.00 167.50 0.00 0.87721
4 152.50 0.00 175.00 0.00 160.00 0.00 162.50 0.00 1.79107
4 107.50 0.00 197.50 0.00 167.50 0.00 177.50 0.00 0.866076
4 155.00 0.00 177.50 0.00 157.50 0.00 160.00 0.00 10.3615
4 102.50 0.00 192.50 0.00 172.50 0.00 182.50 0.00 2.61487
4 142.50 0.00 187.50 0.00 157.50 0.00 162.50 0.00 0.91093
4 147.50 0.00 170.00 0.00 165.00 0.00 167.50 0.00 10.6419
4 152.50 0.00 175.00 0.00 162.50 0.00 165.00 0.00 1.47183
4 150.00 0.00 172.50 0.00 165.00 0.00 167.50 0.00 3.20938
4 155.00 0.00 177.50 0.00 160.00 0.00 162.50 0.00 3.61526
4 150.00 0.00 195.00 0.00 155.00 0.00 160.00 0.00 4.49843
4 145.00 0.00 190.00 0.00 160.00 0.00 165.00 0.00 0.855934
4 140.00 0.00 185.00 0.00 165.00 0.00 170.00 0.00 0.927379
4 110.00 0.00 200.00 0.00 170.00 0.00 180.00 0.00 0.750888
4 105.00 0.00 195.00 0.00 175.00 0.00 185.00 0.00 2.91104
4 135.00 0.00 180.00 0.00 170.00 0.00 175.00 0.00 5.49966
4 150.00 0.00 172.50 0.00 167.50 0.00 170.00 0.00 10.722
4 137.50 0.00 182.50 0.00 167.50 0.00 172.50 0.00 1.6142
4 152.50 0.00 175.00 0.00 165.00 0.00 167.50 0.00 1.78559
4 157.50 0.00 180.00 0.00 160.00 0.00 162.50 0.00 10.827
4 147.50 0.00 192.50 0.00 157.50 0.00 162.50 0.00 1.40098
4 155.00 0.00 177.50 0.00 162.50 0.00 165.00 0.00 1.82291
4 142.50 0.00 187.50 0.00 162.50 0.00 167.50 0.00 0.750765
4 152.50 0.00 175.00 0.00 167.50 0.00 170.00 0.00 3.43143
4 157.50 0.00 180.00 0.00 162.50 0.00 165.00 0.00 3.33951
4 155.00 0.00 177.50 0.00 165.00 0.00 167.50 0.00 1.5487
4 150.00 0.00 195.00 0.00 160.00 0.00 165.00 0.00 1.35003
4 140.00 0.00 185.00 0.00 170.00 0.00 175.00 0.00 1.81676
4 145.00 0.00 190.00 0.00 165.00 0.00 170.00 0.00 0.868253
4 155.00 0.00 177.50 0.00 167.50 0.00 170.00 0.00 1.95976
4 152.50 0.00 175.00 0.00 170.00 0.00 172.50 0.00 10.2458
4 152.50 0.00 197.50 0.00 157.50 0.00 162.50 0.00 4.06793
4 147.50 0.00 192.50 0.00 162.50 0.00 167.50 0.00 0.806652
4 157.50 0.00 180.00 0.00 165.00 0.00 167.50 0.00 1.87617
4 137.50 0.00 182.50 0.00 172.50 0.00 177.50 0.00 5.44791
4 160.00 0.00 182.50 0.00 162.50 0.00 165.00 0.00 9.32421
4 107.50 0.00 197.50 0.00 177.50 0.00 187.50 0.00 3.62504
4 142.50 0.00 187.50 0.00 167.50 0.00 172.50 0.00 0.970958
4 157.50 0.00 180.00 0.00 167.50 0.00 170.00 0.00 1.57325
4 155.00 0.00 177.50 0.00 170.00 0.00 172.50 0.00 3.59654
4 160.00 0.00 182.50 0.00 165.00 0.00 167.50 0.00 3.26452
4 150.00 0.00 195.00 0.00 165.00 0.00 170.00 0.00 0.78516
4 145.00 0.00 190.00 0.00 170.00 0.00 175.00 0.00 0.85204
4 140.00 0.00 185.00 0.00 175.00 0.00 180.00 0.00 6.03372
4 155.00 0.00 200.00 0.00 160.00 0.00 165.00 0.00 5.52291
4 110.00 0.00 200.00 0.00 180.00 0.00 190.00 0.00 4.53173
4 160.00 0.00 182.50 0.00 167.50 0.00 170.00 0.00 1.81366
4 157.50 0.00 180.00 0.00 170.00 0.00 172.50 0.00 1.99826
4 162.50 0.00 185.00 0.00 165.00 0.00 167.50 0.00 10.2995
4 152.50 0.00 197.50 0.00 162.50 0.00 167.50 0.00 1.32268
4 147.50 0.00 192.50 0.00 167.50 0.00 172.50 0.00 0.725204
4 155.00 0.00 177.50 0.00 172.50 0.00 175.00 0.00 11.6078
4 142.50 0.00 187.50 0.00 172.50 0.00 177.50 0.00 1.94917
4 162.50 0.00 185.00 0.00 167.50 0.00 170.00 0.00 3.30694
4 160.00 0.00 182.50 0.00 170.00 0.00 172.50 0.00 1.55625
4 157.50 0.00 180.00 0.00 172.50 0.00 175.00 0.00 3.93651
4 155.00 0.00 200.00 0.00 165.00 0.00 170.00 0.00 1.53605
4 150.00 0.00 195.00 0.00 170.00 0.00 175.00 0.00 0.750356
4 145.00 0.00 190.00 0.00 175.00 0.00 180.00 0.00 1.9859
4 160.00 0.00 182.50 0.00 172.50 0.00 175.00 0.00 2.11139
4 157.50 0.00 180.00 0.00 175.00 0.00 177.50 0.00 12.2675
4 165.00 0.00 187.50 0.00 167.50 0.00 170.00 0.00 9.78682
4 162.50 0.00 185.00 0.00 170.00 0.00 172.50 0.00 1.8103
4 142.50 0.00 187.50 0.00 177.50 0.00 182.50 0.00 7.22908
4 147.50 0.00 192.50 0.00 172.50 0.00 177.50 0.00 0.94348
4 152.50 0.00 197.50 0.00 167.50 0.00 172.50 0.00 0.818424
4 162.50 0.00 185.00 0.00 172.50 0.00 175.00 0.00 1.71896
4 165.00 0.00 187.50 0.00 170.00 0.00 172.50 0.00 2.93166
4 160.00 0.00 182.50 0.00 175.00 0.00 177.50 0.00 3.88218
4 150.00 0.00 195.00 0.00 175.00 0.00 180.00 0.00 0.982245
4 145.00 0.00 190.00 0.00 180.00 0.00 185.00 0.00 7.84133
4 155.00 0.00 200.00 0.00 170.00 0.00 175.00 0.00 0.713458
4 152.50 0.00 197.50 0.00 172.50 0.00 177.50 0.00 0.773879
4 147.50 0.00 192.50 0.00 177.50 0.00 182.50 0.00 1.9757
4 162.50 0.00 185.00 0.00 175.00 0.00 177.50 0.00 2.31867
4 165.00 0.00 187.50 0.00 172.50 0.00 175.00 0.00 1.79516
4 167.50 0.00 190.00 0.00 170.00 0.00 172.50 0.00 10.3669
4 160.00 0.00 182.50 0.00 177.50 0.00 180.00 0.00 12.8164
4 162.50 0.00 185.00 0.00 177.50 0.00 180.00 0.00 4.57784
4 165.00 0.00 187.50 0.00 175.00 0.00 177.50 0.00 1.85865
4 167.50 0.00 190.00 0.00 172.50 0.00 175.00 0.00 3.11858
4 155.00 0.00 200.00 0.00 175.00 0.00 180.00 0.00 0.827201
4 150.00 0.00 195.00 0.00 180.00 0.00 185.00 0.00 2.23074
4 170.00 0.00 192.50 0.00 172.50 0.00 175.00 0.00 10.2665
4 162.50 0.00 185.00 0.00 180.00 0.00 182.50 0.00 18.3836
4 165.00 0.00 187.50 0.00 177.50 0.00 180.00 0.00 2.53212
4 152.50 0.00 197.50 0.00 177.50 0.00 182.50 0.00 1.10028
4 167.50 0.00 190.00 0.00 175.00 0.00 177.50 0.00 1.96152
4 147.50 0.00 192.50 0.00 182.50 0.00 187.50 0.00 7.78758
4 170.00 0.00 192.50 0.00 175.00 0.00 177.50 0.00 3.36599
4 165.00 0.00 187.50 0.00 180.00 0.00 182.50 0.00 5.30389
4 167.50 0.00 190.00 0.00 177.50 0.00 180.00 0.00 1.88996
4 155.00 0.00 200.00 0.00 180.00 0.00 185.00 0.00 1.27746
4 150.00 0.00 195.00 0.00 185.00 0.00 190.00 0.00 8.88671
4 172.50 0.00 195.00 0.00 175.00 0.00 177.50 0.00 9.93044
4 167.50 0.00 190.00 0.00 180.00 0.00 182.50 0.00 3.07283
4 152.50 0.00 197.50 0.00 182.50 0.00 187.50 0.00 2.82411
4 165.00 0.00 187.50 0.00 182.50 0.00 185.00 0.00 16.791
4 170.00 0.00 192.50 0.00 177.50 0.00 180.00 0.00 2.04292
4 170.00 0.00 192.50 0.00 180.00 0.00 182.50 0.00 1.91376
4 172.50 0.00 195.00 0.00 177.50 0.00 180.00 0.00 3.57119
4 167.50 0.00 190.00 0.00 182.50 0.00 185.00 0.00 6.80509
4 155.00 0.00 200.00 0.00 185.00 0.00 190.00 0.00 3.6171
4 175.00 0.00 197.50 0.00 177.50 0.00 180.00 0.00 11.1854
4 172.50 0.00 195.00 0.00 180.00 0.00 182.50 0.00 2.11788
4 152.50 0.00 197.50 0.00 187.50 0.00 192.50 0.00 11.2057
4 170.00 0.00 192.50 0.00 182.50 0.00 185.00 0.00 2.826
4 167.50 0.00 190.00 0.00 185.00 0.00 187.50 0.00 14.3098
4 170.00 0.00 192.50 0.00 185.00 0.00 187.50 0.00 5.63389
4 172.50 0.00 195.00 0.00 182.50 0.00 185.00 0.00 2.07061
4 175.00 0.00 197.50 0.00 180.00 0.00 182.50 0.00 3.93252
4 155.00 0.00 200.00 0.00 190.00 0.00 195.00 0.00 11.091
4 177.50 0.00 200.00 0.00 180.00 0.00 182.50 0.00 11.944
4 170.00 0.00 192.50 0.00 187.50 0.00 190.00 0.00 20.0532
4 175.00 0.00 197.50 0.00 182.50 0.00 185.00 0.00 2.34964
4 172.50 0.00 195.00 0.00 185.00 0.00 187.50 0.00 3.19903
4 175.00 0.00 197.50 0.00 185.00 0.00 187.50 0.00 2.63418
4 177.50 0.00 200.00 0.00 182.50 0.00 185.00 0.00 3.73824
4 172.50 0.00 195.00 0.00 187.50 0.00 190.00 0.00 6.57107
4 175.00 0.00 197.50 0.00 187.50 0.00 190.00 0.00 4.29379
4 177.50 0.00 200.00 0.00 185.00 0.00 187.50 0.00 2.81711
4 172.50 0.00 195.00 0.00 190.00 0.00 192.50 0.00 16.216
4 177.50 0.00 200.00 0.00 187.50 0.00 190.00 0.00 3.36461
4 175.00 0.00 197.50 0.00 190.00 0.00 192.50 0.00 7.92231
4 175.00 0.00 197.50 0.00 192.50 0.00 195.00 0.00 18.3696
4 177.50 0.00 200.00 0.00 190.00 0.00 192.50 0.00 4.88106
4 177.50 0.00 200.00 0.00 192.50 0.00 195.00 0.00 7.21889
4 177.50 0.00 200.00 0.00 195.00 0.00 197.50 0.00 13.7863
0
0
0
0
0
0
0
0
