Project7 Dipole-Dipole_1
3.00
11
3
Type of measurement (0=app.resistivity,1=resistance)
1
1469
2
0
4 9.00 0.00 6.00 0.00 0.00 0.00 3.00 0.00 3.88669
4 12.00 0.00 9.00 0.00 0.00 0.00 3.00 0.00 0.584804
4 12.00 0.00 9.00 0.00 3.00 0.00 6.00 0.00 3.19469
4 15.00 0.00 12.00 0.00 0.00 0.00 3.00 0.00 0.139814
4 15.00 0.00 12.00 0.00 3.00 0.00 6.00 0.00 0.50599
4 18.00 0.00 15.00 0.00 0.00 0.00 3.00 0.00 0.0977944
4 18.00 0.00 12.00 0.00 0.00 0.00 6.00 0.00 0.977493
4 15.00 0.00 12.00 0.00 6.00 0.00 9.00 0.00 5.75545
4 18.00 0.00 15.00 0.00 3.00 0.00 6.00 0.00 0.234672
4 21.00 0.00 18.00 0.00 0.00 0.00 3.00 0.00 0.0300986
4 18.00 0.00 15.00 0.00 6.00 0.00 9.00 0.00 0.914422
4 24.00 0.00 21.00 0.00 0.00 0.00 3.00 0.00 0.0173015
4 21.00 0.00 18.00 0.00 3.00 0.00 6.00 0.00 0.0608158
4 24.00 0.00 18.00 0.00 0.00 0.00 6.00 0.00 0.140877
4 18.00 0.00 15.00 0.00 9.00 0.00 12.00 0.00 3.15247
4 21.00 0.00 18.00 0.00 6.00 0.00 9.00 0.00 0.158738
4 24.00 0.00 21.00 0.00 3.00 0.00 6.00 0.00 0.031587
4 27.00 0.00 24.00 0.00 0.00 0.00 3.00 0.00 0.0104929
4 24.00 0.00 21.00 0.00 6.00 0.00 9.00 0.00 0.0720761
4 27.00 0.00 24.00 0.00 3.00 0.00 6.00 0.00 0.0193853
4 30.00 0.00 27.00 0.00 0.00 0.00 3.00 0.00 0.00593041
4 21.00 0.00 18.00 0.00 9.00 0.00 12.00 0.00 0.234894
4 30.00 0.00 24.00 0.00 0.00 0.00 6.00 0.00 0.0460085
4 24.00 0.00 18.00 0.00 6.00 0.00 12.00 0.00 0.558347
4 27.00 0.00 24.00 0.00 6.00 0.00 9.00 0.00 0.0403248
4 30.00 0.00 27.00 0.00 3.00 0.00 6.00 0.00 0.00910434
4 21.00 0.00 18.00 0.00 12.00 0.00 15.00 0.00 0.919237
4 24.00 0.00 21.00 0.00 9.00 0.00 12.00 0.00 0.0927498
4 30.00 0.00 27.00 0.00 6.00 0.00 9.00 0.00 0.0180105
4 33.00 0.00 30.00 0.00 3.00 0.00 6.00 0.00 0.00555467
4 27.00 0.00 24.00 0.00 9.00 0.00 12.00 0.00 0.0469639
4 30.00 0.00 24.00 0.00 6.00 0.00 12.00 0.00 0.124449
4 24.00 0.00 21.00 0.00 12.00 0.00 15.00 0.00 0.215749
4 36.00 0.00 24.00 0.00 0.00 0.00 12.00 0.00 0.216836
4 36.00 0.00 30.00 0.00 0.00 0.00 6.00 0.00 0.0141393
4 24.00 0.00 21.00 0.00 15.00 0.00 18.00 0.00 3.6649
4 27.00 0.00 24.00 0.00 12.00 0.00 15.00 0.00 0.0896605
4 33.00 0.00 30.00 0.00 6.00 0.00 9.00 0.00 0.009324
4 30.00 0.00 27.00 0.00 9.00 0.00 12.00 0.00 0.01961
4 27.00 0.00 24.00 0.00 15.00 0.00 18.00 0.00 0.762192
4 33.00 0.00 30.00 0.00 9.00 0.00 12.00 0.00 0.00968716
4 36.00 0.00 33.00 0.00 6.00 0.00 9.00 0.00 0.00608511
4 30.00 0.00 27.00 0.00 12.00 0.00 15.00 0.00 0.0333522
4 42.00 0.00 36.00 0.00 0.00 0.00 6.00 0.00 0.00865798
4 36.00 0.00 30.00 0.00 6.00 0.00 12.00 0.00 0.0312362
4 30.00 0.00 24.00 0.00 12.00 0.00 18.00 0.00 1.07829
4 27.00 0.00 24.00 0.00 18.00 0.00 21.00 0.00 7.47279
4 30.00 0.00 27.00 0.00 15.00 0.00 18.00 0.00 0.192506
4 33.00 0.00 30.00 0.00 12.00 0.00 15.00 0.00 0.0152372
4 36.00 0.00 33.00 0.00 9.00 0.00 12.00 0.00 0.00591106
4 30.00 0.00 27.00 0.00 18.00 0.00 21.00 0.00 0.994113
4 33.00 0.00 30.00 0.00 15.00 0.00 18.00 0.00 0.0667167
4 36.00 0.00 33.00 0.00 12.00 0.00 15.00 0.00 0.00864581
4 39.00 0.00 36.00 0.00 9.00 0.00 12.00 0.00 0.00422309
4 42.00 0.00 30.00 0.00 6.00 0.00 18.00 0.00 0.224248
4 48.00 0.00 36.00 0.00 0.00 0.00 12.00 0.00 0.0415693
4 48.00 0.00 42.00 0.00 0.00 0.00 6.00 0.00 0.00683536
4 42.00 0.00 36.00 0.00 6.00 0.00 12.00 0.00 0.0153486
4 36.00 0.00 30.00 0.00 12.00 0.00 18.00 0.00 0.125838
4 33.00 0.00 30.00 0.00 18.00 0.00 21.00 0.00 0.159921
4 36.00 0.00 33.00 0.00 15.00 0.00 18.00 0.00 0.0363713
4 39.00 0.00 36.00 0.00 12.00 0.00 15.00 0.00 0.00727488
4 30.00 0.00 27.00 0.00 21.00 0.00 24.00 0.00 5.35915
4 39.00 0.00 36.00 0.00 15.00 0.00 18.00 0.00 0.023786
4 36.00 0.00 33.00 0.00 18.00 0.00 21.00 0.00 0.0497843
4 42.00 0.00 39.00 0.00 12.00 0.00 15.00 0.00 0.0046621
4 36.00 0.00 30.00 0.00 18.00 0.00 24.00 0.00 0.940859
4 33.00 0.00 30.00 0.00 21.00 0.00 24.00 0.00 0.581707
4 54.00 0.00 36.00 0.00 0.00 0.00 18.00 0.00 0.191743
4 54.00 0.00 48.00 0.00 0.00 0.00 6.00 0.00 0.0130417
4 48.00 0.00 42.00 0.00 6.00 0.00 12.00 0.00 0.00952934
4 42.00 0.00 36.00 0.00 12.00 0.00 18.00 0.00 0.050658
4 33.00 0.00 30.00 0.00 24.00 0.00 27.00 0.00 3.23798
4 36.00 0.00 33.00 0.00 21.00 0.00 24.00 0.00 0.128091
4 39.00 0.00 36.00 0.00 18.00 0.00 21.00 0.00 0.0247016
4 42.00 0.00 39.00 0.00 15.00 0.00 18.00 0.00 0.0146218
4 36.00 0.00 33.00 0.00 24.00 0.00 27.00 0.00 0.429652
4 39.00 0.00 36.00 0.00 21.00 0.00 24.00 0.00 0.0486607
4 42.00 0.00 39.00 0.00 18.00 0.00 21.00 0.00 0.0129464
4 48.00 0.00 36.00 0.00 12.00 0.00 24.00 0.00 0.223267
4 42.00 0.00 36.00 0.00 18.00 0.00 24.00 0.00 0.108703
4 54.00 0.00 42.00 0.00 6.00 0.00 18.00 0.00 0.0976819
4 60.00 0.00 54.00 0.00 0.00 0.00 6.00 0.00 0.000904872
4 54.00 0.00 48.00 0.00 6.00 0.00 12.00 0.00 0.0176341
4 48.00 0.00 42.00 0.00 12.00 0.00 18.00 0.00 0.0264915
4 60.00 0.00 48.00 0.00 0.00 0.00 12.00 0.00 0.0412635
4 45.00 0.00 42.00 0.00 15.00 0.00 18.00 0.00 0.0108915
4 39.00 0.00 36.00 0.00 24.00 0.00 27.00 0.00 0.118397
4 45.00 0.00 42.00 0.00 18.00 0.00 21.00 0.00 0.00905628
4 36.00 0.00 33.00 0.00 27.00 0.00 30.00 0.00 2.09732
4 42.00 0.00 39.00 0.00 21.00 0.00 24.00 0.00 0.0209504
4 39.00 0.00 36.00 0.00 27.00 0.00 30.00 0.00 0.310711
4 42.00 0.00 39.00 0.00 24.00 0.00 27.00 0.00 0.040051
4 45.00 0.00 42.00 0.00 21.00 0.00 24.00 0.00 0.0126859
4 60.00 0.00 54.00 0.00 6.00 0.00 12.00 0.00 0.0102188
4 48.00 0.00 45.00 0.00 18.00 0.00 21.00 0.00 0.00641617
4 60.00 0.00 42.00 0.00 6.00 0.00 24.00 0.00 0.241745
4 54.00 0.00 48.00 0.00 12.00 0.00 18.00 0.00 0.0422014
4 48.00 0.00 42.00 0.00 18.00 0.00 24.00 0.00 0.0375805
4 42.00 0.00 36.00 0.00 24.00 0.00 30.00 0.00 0.554901
4 45.00 0.00 42.00 0.00 24.00 0.00 27.00 0.00 0.0215215
4 48.00 0.00 45.00 0.00 21.00 0.00 24.00 0.00 0.00954151
4 39.00 0.00 36.00 0.00 30.00 0.00 33.00 0.00 2.52331
4 42.00 0.00 39.00 0.00 27.00 0.00 30.00 0.00 0.0753783
4 42.00 0.00 39.00 0.00 30.00 0.00 33.00 0.00 0.254365
4 48.00 0.00 45.00 0.00 24.00 0.00 27.00 0.00 0.0136788
4 51.00 0.00 48.00 0.00 21.00 0.00 24.00 0.00 0.014679
4 72.00 0.00 60.00 0.00 0.00 0.00 12.00 0.00 0.0282779
4 48.00 0.00 42.00 0.00 24.00 0.00 30.00 0.00 0.0862013
4 66.00 0.00 54.00 0.00 6.00 0.00 18.00 0.00 0.0505857
4 72.00 0.00 54.00 0.00 0.00 0.00 18.00 0.00 0.0898358
4 45.00 0.00 42.00 0.00 27.00 0.00 30.00 0.00 0.0334194
4 72.00 0.00 48.00 0.00 0.00 0.00 24.00 0.00 0.264229
4 60.00 0.00 48.00 0.00 12.00 0.00 24.00 0.00 0.139255
4 60.00 0.00 54.00 0.00 12.00 0.00 18.00 0.00 0.0236679
4 54.00 0.00 42.00 0.00 18.00 0.00 30.00 0.00 0.259615
4 54.00 0.00 48.00 0.00 18.00 0.00 24.00 0.00 0.0501104
4 66.00 0.00 60.00 0.00 6.00 0.00 12.00 0.00 0.00384245
4 42.00 0.00 39.00 0.00 33.00 0.00 36.00 0.00 3.66657
4 45.00 0.00 42.00 0.00 30.00 0.00 33.00 0.00 0.0757625
4 51.00 0.00 48.00 0.00 24.00 0.00 27.00 0.00 0.0205775
4 48.00 0.00 45.00 0.00 27.00 0.00 30.00 0.00 0.0187114
4 45.00 0.00 42.00 0.00 33.00 0.00 36.00 0.00 0.397607
4 48.00 0.00 45.00 0.00 30.00 0.00 33.00 0.00 0.0324935
4 51.00 0.00 48.00 0.00 27.00 0.00 30.00 0.00 0.026867
4 54.00 0.00 51.00 0.00 24.00 0.00 27.00 0.00 0.0169286
4 66.00 0.00 48.00 0.00 12.00 0.00 30.00 0.00 0.303288
4 48.00 0.00 42.00 0.00 30.00 0.00 36.00 0.00 0.578963
4 66.00 0.00 60.00 0.00 12.00 0.00 18.00 0.00 0.0124582
4 60.00 0.00 54.00 0.00 18.00 0.00 24.00 0.00 0.0233558
4 54.00 0.00 48.00 0.00 24.00 0.00 30.00 0.00 0.0860778
4 51.00 0.00 48.00 0.00 30.00 0.00 33.00 0.00 0.0449741
4 48.00 0.00 45.00 0.00 33.00 0.00 36.00 0.00 0.0854828
4 54.00 0.00 51.00 0.00 27.00 0.00 30.00 0.00 0.0208867
4 45.00 0.00 42.00 0.00 36.00 0.00 39.00 0.00 9.55185
4 54.00 0.00 51.00 0.00 30.00 0.00 33.00 0.00 0.03202
4 57.00 0.00 54.00 0.00 27.00 0.00 30.00 0.00 0.0113895
4 54.00 0.00 48.00 0.00 30.00 0.00 36.00 0.00 0.217825
4 66.00 0.00 54.00 0.00 18.00 0.00 30.00 0.00 0.0892356
4 78.00 0.00 60.00 0.00 6.00 0.00 24.00 0.00 0.102978
4 72.00 0.00 66.00 0.00 12.00 0.00 18.00 0.00 0.0159232
4 84.00 0.00 72.00 0.00 0.00 0.00 12.00 0.00 0.0188479
4 78.00 0.00 54.00 0.00 6.00 0.00 30.00 0.00 0.246102
4 78.00 0.00 66.00 0.00 6.00 0.00 18.00 0.00 0.0444846
4 48.00 0.00 45.00 0.00 36.00 0.00 39.00 0.00 0.861478
4 72.00 0.00 60.00 0.00 12.00 0.00 24.00 0.00 0.0572838
4 66.00 0.00 60.00 0.00 18.00 0.00 24.00 0.00 0.014062
4 60.00 0.00 48.00 0.00 24.00 0.00 36.00 0.00 0.403216
4 51.00 0.00 48.00 0.00 33.00 0.00 36.00 0.00 0.0844833
4 60.00 0.00 54.00 0.00 24.00 0.00 30.00 0.00 0.0331754
4 54.00 0.00 51.00 0.00 33.00 0.00 36.00 0.00 0.0553695
4 57.00 0.00 54.00 0.00 30.00 0.00 33.00 0.00 0.0172998
4 48.00 0.00 45.00 0.00 39.00 0.00 42.00 0.00 7.14605
4 51.00 0.00 48.00 0.00 36.00 0.00 39.00 0.00 0.474352
4 54.00 0.00 51.00 0.00 36.00 0.00 39.00 0.00 0.218562
4 57.00 0.00 54.00 0.00 33.00 0.00 36.00 0.00 0.0268734
4 60.00 0.00 57.00 0.00 30.00 0.00 33.00 0.00 0.00864046
4 51.00 0.00 48.00 0.00 39.00 0.00 42.00 0.00 2.74651
4 90.00 0.00 72.00 0.00 0.00 0.00 18.00 0.00 0.0473222
4 90.00 0.00 60.00 0.00 0.00 0.00 30.00 0.00 0.216569
4 60.00 0.00 54.00 0.00 30.00 0.00 36.00 0.00 0.0667288
4 72.00 0.00 54.00 0.00 18.00 0.00 36.00 0.00 0.251562
4 72.00 0.00 66.00 0.00 18.00 0.00 24.00 0.00 0.0146697
4 66.00 0.00 60.00 0.00 24.00 0.00 30.00 0.00 0.0189433
4 54.00 0.00 48.00 0.00 36.00 0.00 42.00 0.00 4.46415
4 57.00 0.00 54.00 0.00 36.00 0.00 39.00 0.00 0.0856508
4 51.00 0.00 48.00 0.00 42.00 0.00 45.00 0.00 13.532
4 54.00 0.00 51.00 0.00 39.00 0.00 42.00 0.00 1.01367
4 60.00 0.00 57.00 0.00 33.00 0.00 36.00 0.00 0.0130688
4 63.00 0.00 60.00 0.00 33.00 0.00 36.00 0.00 0.0106241
4 60.00 0.00 57.00 0.00 36.00 0.00 39.00 0.00 0.0357083
4 57.00 0.00 54.00 0.00 39.00 0.00 42.00 0.00 0.330974
4 90.00 0.00 78.00 0.00 6.00 0.00 18.00 0.00 0.0147471
4 84.00 0.00 60.00 0.00 12.00 0.00 36.00 0.00 0.253144
4 78.00 0.00 66.00 0.00 18.00 0.00 30.00 0.00 0.0629292
4 84.00 0.00 66.00 0.00 12.00 0.00 30.00 0.00 0.113408
4 96.00 0.00 84.00 0.00 0.00 0.00 12.00 0.00 0.00513712
4 72.00 0.00 60.00 0.00 24.00 0.00 36.00 0.00 0.100836
4 84.00 0.00 72.00 0.00 12.00 0.00 24.00 0.00 0.0407698
4 54.00 0.00 51.00 0.00 42.00 0.00 45.00 0.00 3.84769
4 60.00 0.00 54.00 0.00 36.00 0.00 42.00 0.00 0.577572
4 78.00 0.00 72.00 0.00 18.00 0.00 24.00 0.00 0.0142119
4 72.00 0.00 66.00 0.00 24.00 0.00 30.00 0.00 0.0176169
4 66.00 0.00 54.00 0.00 30.00 0.00 42.00 0.00 0.872647
4 66.00 0.00 60.00 0.00 30.00 0.00 36.00 0.00 0.0339893
4 96.00 0.00 72.00 0.00 0.00 0.00 24.00 0.00 0.0759169
4 60.00 0.00 57.00 0.00 39.00 0.00 42.00 0.00 0.123767
4 54.00 0.00 51.00 0.00 45.00 0.00 48.00 0.00 13.8314
4 57.00 0.00 54.00 0.00 42.00 0.00 45.00 0.00 1.08699
4 63.00 0.00 60.00 0.00 36.00 0.00 39.00 0.00 0.0272761
4 63.00 0.00 60.00 0.00 39.00 0.00 42.00 0.00 0.0858858
4 66.00 0.00 63.00 0.00 36.00 0.00 39.00 0.00 0.0208352
4 78.00 0.00 72.00 0.00 24.00 0.00 30.00 0.00 0.0157312
4 96.00 0.00 66.00 0.00 6.00 0.00 36.00 0.00 0.217109
4 72.00 0.00 66.00 0.00 30.00 0.00 36.00 0.00 0.0285169
4 57.00 0.00 54.00 0.00 45.00 0.00 48.00 0.00 2.76028
4 60.00 0.00 57.00 0.00 42.00 0.00 45.00 0.00 0.363784
4 96.00 0.00 78.00 0.00 6.00 0.00 24.00 0.00 0.0299629
4 60.00 0.00 54.00 0.00 42.00 0.00 48.00 0.00 5.06109
4 66.00 0.00 60.00 0.00 36.00 0.00 42.00 0.00 0.197186
4 78.00 0.00 60.00 0.00 24.00 0.00 42.00 0.00 0.568177
4 60.00 0.00 57.00 0.00 45.00 0.00 48.00 0.00 0.837951
4 63.00 0.00 60.00 0.00 42.00 0.00 45.00 0.00 0.241002
4 66.00 0.00 63.00 0.00 39.00 0.00 42.00 0.00 0.0623672
4 57.00 0.00 54.00 0.00 48.00 0.00 51.00 0.00 16.6323
4 63.00 0.00 60.00 0.00 45.00 0.00 48.00 0.00 0.509585
4 66.00 0.00 63.00 0.00 42.00 0.00 45.00 0.00 0.168071
4 69.00 0.00 66.00 0.00 39.00 0.00 42.00 0.00 0.0681315
4 60.00 0.00 57.00 0.00 48.00 0.00 51.00 0.00 3.35767
4 90.00 0.00 72.00 0.00 18.00 0.00 36.00 0.00 0.0849011
4 102.00 0.00 90.00 0.00 6.00 0.00 18.00 0.00 0.00601342
4 84.00 0.00 72.00 0.00 24.00 0.00 36.00 0.00 0.0544706
4 108.00 0.00 96.00 0.00 0.00 0.00 12.00 0.00 0.00381848
4 108.00 0.00 90.00 0.00 0.00 0.00 18.00 0.00 0.0110311
4 102.00 0.00 78.00 0.00 6.00 0.00 30.00 0.00 0.0486483
4 72.00 0.00 66.00 0.00 36.00 0.00 42.00 0.00 0.137814
4 78.00 0.00 72.00 0.00 30.00 0.00 36.00 0.00 0.0232634
4 96.00 0.00 84.00 0.00 12.00 0.00 24.00 0.00 0.011197
4 90.00 0.00 66.00 0.00 18.00 0.00 42.00 0.00 0.431556
4 84.00 0.00 78.00 0.00 24.00 0.00 30.00 0.00 0.00723497
4 78.00 0.00 66.00 0.00 30.00 0.00 42.00 0.00 0.285479
4 72.00 0.00 60.00 0.00 36.00 0.00 48.00 0.00 2.33304
4 66.00 0.00 60.00 0.00 42.00 0.00 48.00 0.00 1.25701
4 90.00 0.00 78.00 0.00 18.00 0.00 30.00 0.00 0.0188933
4 66.00 0.00 63.00 0.00 45.00 0.00 48.00 0.00 0.336524
4 60.00 0.00 57.00 0.00 51.00 0.00 54.00 0.00 12.8356
4 69.00 0.00 66.00 0.00 42.00 0.00 45.00 0.00 0.172248
4 63.00 0.00 60.00 0.00 48.00 0.00 51.00 0.00 1.7417
4 63.00 0.00 60.00 0.00 51.00 0.00 54.00 0.00 4.27973
4 66.00 0.00 63.00 0.00 48.00 0.00 51.00 0.00 1.0533
4 69.00 0.00 66.00 0.00 45.00 0.00 48.00 0.00 0.337448
4 72.00 0.00 69.00 0.00 42.00 0.00 45.00 0.00 0.082167
4 78.00 0.00 72.00 0.00 36.00 0.00 42.00 0.00 0.0949667
4 102.00 0.00 84.00 0.00 12.00 0.00 30.00 0.00 0.0213894
4 66.00 0.00 60.00 0.00 48.00 0.00 54.00 0.00 9.23214
4 84.00 0.00 66.00 0.00 30.00 0.00 48.00 0.00 1.68857
4 84.00 0.00 78.00 0.00 30.00 0.00 36.00 0.00 0.00934605
4 72.00 0.00 66.00 0.00 42.00 0.00 48.00 0.00 0.7434
4 102.00 0.00 72.00 0.00 12.00 0.00 42.00 0.00 0.289586
4 66.00 0.00 63.00 0.00 51.00 0.00 54.00 0.00 2.15079
4 69.00 0.00 66.00 0.00 48.00 0.00 51.00 0.00 1.01465
4 72.00 0.00 69.00 0.00 45.00 0.00 48.00 0.00 0.152571
4 63.00 0.00 60.00 0.00 54.00 0.00 57.00 0.00 11.4406
4 66.00 0.00 63.00 0.00 54.00 0.00 57.00 0.00 3.84583
4 75.00 0.00 72.00 0.00 45.00 0.00 48.00 0.00 0.145017
4 90.00 0.00 78.00 0.00 30.00 0.00 42.00 0.00 0.0644433
4 102.00 0.00 90.00 0.00 18.00 0.00 30.00 0.00 0.00629981
4 114.00 0.00 96.00 0.00 6.00 0.00 24.00 0.00 0.012061
4 120.00 0.00 90.00 0.00 0.00 0.00 30.00 0.00 0.0323812
4 108.00 0.00 96.00 0.00 12.00 0.00 24.00 0.00 0.00652127
4 114.00 0.00 102.00 0.00 6.00 0.00 18.00 0.00 0.00522186
4 120.00 0.00 108.00 0.00 0.00 0.00 12.00 0.00 0.00262888
4 96.00 0.00 72.00 0.00 24.00 0.00 48.00 0.00 0.942725
4 78.00 0.00 72.00 0.00 42.00 0.00 48.00 0.00 0.453906
4 72.00 0.00 69.00 0.00 48.00 0.00 51.00 0.00 0.421723
4 96.00 0.00 78.00 0.00 24.00 0.00 42.00 0.00 0.0891094
4 90.00 0.00 84.00 0.00 30.00 0.00 36.00 0.00 0.00399971
4 84.00 0.00 72.00 0.00 36.00 0.00 48.00 0.00 0.749267
4 84.00 0.00 78.00 0.00 36.00 0.00 42.00 0.00 0.0363172
4 96.00 0.00 84.00 0.00 24.00 0.00 36.00 0.00 0.0126149
4 72.00 0.00 66.00 0.00 48.00 0.00 54.00 0.00 3.989
4 69.00 0.00 66.00 0.00 51.00 0.00 54.00 0.00 1.84245
4 108.00 0.00 84.00 0.00 12.00 0.00 36.00 0.00 0.0373049
4 78.00 0.00 66.00 0.00 42.00 0.00 54.00 0.00 7.2396
4 120.00 0.00 96.00 0.00 0.00 0.00 24.00 0.00 0.0176037
4 66.00 0.00 63.00 0.00 57.00 0.00 60.00 0.00 11.0211
4 72.00 0.00 69.00 0.00 51.00 0.00 54.00 0.00 0.709258
4 75.00 0.00 72.00 0.00 48.00 0.00 51.00 0.00 0.40108
4 69.00 0.00 66.00 0.00 54.00 0.00 57.00 0.00 2.73908
4 72.00 0.00 69.00 0.00 54.00 0.00 57.00 0.00 0.890109
4 75.00 0.00 72.00 0.00 51.00 0.00 54.00 0.00 0.63081
4 108.00 0.00 78.00 0.00 18.00 0.00 48.00 0.00 0.438887
4 108.00 0.00 90.00 0.00 18.00 0.00 36.00 0.00 0.0173354
4 78.00 0.00 72.00 0.00 48.00 0.00 54.00 0.00 2.05525
4 90.00 0.00 72.00 0.00 36.00 0.00 54.00 0.00 3.81872
4 72.00 0.00 66.00 0.00 54.00 0.00 60.00 0.00 9.62058
4 126.00 0.00 108.00 0.00 0.00 0.00 18.00 0.00 0.00857001
4 90.00 0.00 84.00 0.00 36.00 0.00 42.00 0.00 0.0141234
4 78.00 0.00 75.00 0.00 48.00 0.00 51.00 0.00 0.405276
4 84.00 0.00 78.00 0.00 42.00 0.00 48.00 0.00 0.162784
4 69.00 0.00 66.00 0.00 57.00 0.00 60.00 0.00 4.70179
4 69.00 0.00 66.00 0.00 60.00 0.00 63.00 0.00 13.6462
4 75.00 0.00 72.00 0.00 54.00 0.00 57.00 0.00 0.727038
4 78.00 0.00 75.00 0.00 51.00 0.00 54.00 0.00 0.614738
4 72.00 0.00 69.00 0.00 57.00 0.00 60.00 0.00 1.30445
4 75.00 0.00 72.00 0.00 57.00 0.00 60.00 0.00 0.820844
4 78.00 0.00 75.00 0.00 54.00 0.00 57.00 0.00 0.676413
4 90.00 0.00 78.00 0.00 42.00 0.00 54.00 0.00 1.16551
4 120.00 0.00 102.00 0.00 12.00 0.00 30.00 0.00 0.0105961
4 108.00 0.00 96.00 0.00 24.00 0.00 36.00 0.00 0.0068953
4 126.00 0.00 114.00 0.00 6.00 0.00 18.00 0.00 0.00472969
4 102.00 0.00 84.00 0.00 30.00 0.00 48.00 0.00 0.175131
4 126.00 0.00 102.00 0.00 6.00 0.00 30.00 0.00 0.0180547
4 126.00 0.00 96.00 0.00 6.00 0.00 36.00 0.00 0.0320569
4 114.00 0.00 102.00 0.00 18.00 0.00 30.00 0.00 0.00336592
4 120.00 0.00 108.00 0.00 12.00 0.00 24.00 0.00 0.00569905
4 114.00 0.00 90.00 0.00 18.00 0.00 42.00 0.00 0.0461515
4 72.00 0.00 69.00 0.00 60.00 0.00 63.00 0.00 2.91227
4 102.00 0.00 78.00 0.00 30.00 0.00 54.00 0.00 1.58953
4 102.00 0.00 90.00 0.00 30.00 0.00 42.00 0.00 0.0225905
4 96.00 0.00 84.00 0.00 36.00 0.00 48.00 0.00 0.128933
4 90.00 0.00 84.00 0.00 42.00 0.00 48.00 0.00 0.0632216
4 84.00 0.00 78.00 0.00 48.00 0.00 54.00 0.00 0.688005
4 78.00 0.00 72.00 0.00 54.00 0.00 60.00 0.00 2.89132
4 84.00 0.00 72.00 0.00 48.00 0.00 60.00 0.00 6.4444
4 96.00 0.00 90.00 0.00 36.00 0.00 42.00 0.00 0.0102346
4 81.00 0.00 78.00 0.00 51.00 0.00 54.00 0.00 0.244878
4 75.00 0.00 72.00 0.00 60.00 0.00 63.00 0.00 1.50231
4 78.00 0.00 75.00 0.00 57.00 0.00 60.00 0.00 0.663208
4 72.00 0.00 69.00 0.00 63.00 0.00 66.00 0.00 9.11237
4 81.00 0.00 78.00 0.00 54.00 0.00 57.00 0.00 0.255945
4 75.00 0.00 72.00 0.00 63.00 0.00 66.00 0.00 3.2763
4 81.00 0.00 78.00 0.00 57.00 0.00 60.00 0.00 0.237849
4 96.00 0.00 78.00 0.00 42.00 0.00 60.00 0.00 2.60359
4 132.00 0.00 114.00 0.00 6.00 0.00 24.00 0.00 0.00894487
4 114.00 0.00 96.00 0.00 24.00 0.00 42.00 0.00 0.0250044
4 78.00 0.00 75.00 0.00 60.00 0.00 63.00 0.00 1.07487
4 114.00 0.00 84.00 0.00 24.00 0.00 54.00 0.00 0.875832
4 84.00 0.00 81.00 0.00 54.00 0.00 57.00 0.00 0.169094
4 96.00 0.00 90.00 0.00 42.00 0.00 48.00 0.00 0.0421452
4 78.00 0.00 72.00 0.00 60.00 0.00 66.00 0.00 7.9217
4 84.00 0.00 78.00 0.00 54.00 0.00 60.00 0.00 0.811528
4 90.00 0.00 84.00 0.00 48.00 0.00 54.00 0.00 0.251281
4 75.00 0.00 72.00 0.00 66.00 0.00 69.00 0.00 25.8207
4 81.00 0.00 78.00 0.00 60.00 0.00 63.00 0.00 0.355126
4 84.00 0.00 81.00 0.00 57.00 0.00 60.00 0.00 0.148747
4 78.00 0.00 75.00 0.00 63.00 0.00 66.00 0.00 2.05124
4 81.00 0.00 78.00 0.00 63.00 0.00 66.00 0.00 0.603321
4 108.00 0.00 90.00 0.00 36.00 0.00 54.00 0.00 0.449843
4 114.00 0.00 102.00 0.00 30.00 0.00 42.00 0.00 0.0112109
4 120.00 0.00 96.00 0.00 24.00 0.00 48.00 0.00 0.110218
4 126.00 0.00 114.00 0.00 18.00 0.00 30.00 0.00 0.00440011
4 90.00 0.00 78.00 0.00 54.00 0.00 66.00 0.00 3.01658
4 132.00 0.00 120.00 0.00 12.00 0.00 24.00 0.00 0.00457033
4 132.00 0.00 108.00 0.00 12.00 0.00 36.00 0.00 0.0188391
4 144.00 0.00 126.00 0.00 0.00 0.00 18.00 0.00 0.00684524
4 108.00 0.00 96.00 0.00 36.00 0.00 48.00 0.00 0.0616433
4 90.00 0.00 84.00 0.00 54.00 0.00 60.00 0.00 0.271277
4 78.00 0.00 75.00 0.00 66.00 0.00 69.00 0.00 8.43654
4 126.00 0.00 108.00 0.00 18.00 0.00 36.00 0.00 0.0109386
4 132.00 0.00 102.00 0.00 12.00 0.00 42.00 0.00 0.043156
4 108.00 0.00 84.00 0.00 36.00 0.00 60.00 0.00 1.38152
4 102.00 0.00 90.00 0.00 42.00 0.00 54.00 0.00 0.336999
4 102.00 0.00 96.00 0.00 42.00 0.00 48.00 0.00 0.0300598
4 144.00 0.00 120.00 0.00 0.00 0.00 24.00 0.00 0.0126076
4 96.00 0.00 84.00 0.00 48.00 0.00 60.00 0.00 0.837175
4 87.00 0.00 84.00 0.00 57.00 0.00 60.00 0.00 0.0836672
4 84.00 0.00 78.00 0.00 60.00 0.00 66.00 0.00 1.51084
4 96.00 0.00 90.00 0.00 48.00 0.00 54.00 0.00 0.156626
4 84.00 0.00 81.00 0.00 60.00 0.00 63.00 0.00 0.211787
4 120.00 0.00 108.00 0.00 24.00 0.00 36.00 0.00 0.00398001
4 87.00 0.00 84.00 0.00 60.00 0.00 63.00 0.00 0.114669
4 84.00 0.00 81.00 0.00 63.00 0.00 66.00 0.00 0.339334
4 78.00 0.00 75.00 0.00 69.00 0.00 72.00 0.00 25.9533
4 81.00 0.00 78.00 0.00 66.00 0.00 69.00 0.00 1.74463
4 84.00 0.00 81.00 0.00 66.00 0.00 69.00 0.00 0.782055
4 87.00 0.00 84.00 0.00 63.00 0.00 66.00 0.00 0.17121
4 102.00 0.00 84.00 0.00 48.00 0.00 66.00 0.00 1.83472
4 120.00 0.00 90.00 0.00 30.00 0.00 60.00 0.00 1.02796
4 150.00 0.00 120.00 0.00 0.00 0.00 30.00 0.00 0.019323
4 138.00 0.00 120.00 0.00 12.00 0.00 30.00 0.00 0.00977071
4 120.00 0.00 102.00 0.00 30.00 0.00 48.00 0.00 0.065621
4 96.00 0.00 90.00 0.00 54.00 0.00 60.00 0.00 0.158095
4 84.00 0.00 78.00 0.00 66.00 0.00 72.00 0.00 6.94217
4 90.00 0.00 87.00 0.00 60.00 0.00 63.00 0.00 0.0574636
4 102.00 0.00 96.00 0.00 48.00 0.00 54.00 0.00 0.108773
4 81.00 0.00 78.00 0.00 69.00 0.00 72.00 0.00 3.32904
4 90.00 0.00 84.00 0.00 60.00 0.00 66.00 0.00 0.424367
4 87.00 0.00 84.00 0.00 66.00 0.00 69.00 0.00 0.375108
4 90.00 0.00 87.00 0.00 63.00 0.00 66.00 0.00 0.0793321
4 84.00 0.00 81.00 0.00 69.00 0.00 72.00 0.00 1.11224
4 81.00 0.00 78.00 0.00 72.00 0.00 75.00 0.00 13.1694
4 87.00 0.00 84.00 0.00 69.00 0.00 72.00 0.00 0.459026
4 108.00 0.00 102.00 0.00 48.00 0.00 54.00 0.00 0.0704994
4 108.00 0.00 96.00 0.00 48.00 0.00 60.00 0.00 0.353533
4 90.00 0.00 84.00 0.00 66.00 0.00 72.00 0.00 1.181
4 114.00 0.00 102.00 0.00 42.00 0.00 54.00 0.00 0.162316
4 126.00 0.00 102.00 0.00 30.00 0.00 54.00 0.00 0.301422
4 138.00 0.00 126.00 0.00 18.00 0.00 30.00 0.00 0.00384696
4 138.00 0.00 108.00 0.00 18.00 0.00 48.00 0.00 0.0929744
4 102.00 0.00 90.00 0.00 54.00 0.00 66.00 0.00 0.622963
4 90.00 0.00 87.00 0.00 66.00 0.00 69.00 0.00 0.167731
4 120.00 0.00 108.00 0.00 36.00 0.00 48.00 0.00 0.0377046
4 138.00 0.00 114.00 0.00 18.00 0.00 42.00 0.00 0.0243912
4 132.00 0.00 114.00 0.00 24.00 0.00 42.00 0.00 0.0160183
4 126.00 0.00 114.00 0.00 30.00 0.00 42.00 0.00 0.00878184
4 102.00 0.00 96.00 0.00 54.00 0.00 60.00 0.00 0.10678
4 114.00 0.00 90.00 0.00 42.00 0.00 66.00 0.00 1.38839
4 96.00 0.00 90.00 0.00 60.00 0.00 66.00 0.00 0.220624
4 132.00 0.00 120.00 0.00 24.00 0.00 36.00 0.00 0.00340665
4 93.00 0.00 90.00 0.00 63.00 0.00 66.00 0.00 0.0830624
4 150.00 0.00 126.00 0.00 6.00 0.00 30.00 0.00 0.0126558
4 150.00 0.00 132.00 0.00 6.00 0.00 24.00 0.00 0.00577753
4 114.00 0.00 96.00 0.00 42.00 0.00 60.00 0.00 0.525745
4 96.00 0.00 84.00 0.00 60.00 0.00 72.00 0.00 2.32687
4 84.00 0.00 81.00 0.00 72.00 0.00 75.00 0.00 2.50297
4 90.00 0.00 87.00 0.00 69.00 0.00 72.00 0.00 0.180094
4 93.00 0.00 90.00 0.00 66.00 0.00 69.00 0.00 0.166984
4 87.00 0.00 84.00 0.00 72.00 0.00 75.00 0.00 0.886249
4 84.00 0.00 81.00 0.00 75.00 0.00 78.00 0.00 7.27456
4 108.00 0.00 90.00 0.00 54.00 0.00 72.00 0.00 1.72736
4 108.00 0.00 102.00 0.00 54.00 0.00 60.00 0.00 0.0685466
4 144.00 0.00 126.00 0.00 18.00 0.00 36.00 0.00 0.00769829
4 93.00 0.00 90.00 0.00 69.00 0.00 72.00 0.00 0.171221
4 90.00 0.00 84.00 0.00 72.00 0.00 78.00 0.00 3.67823
4 156.00 0.00 126.00 0.00 6.00 0.00 36.00 0.00 0.0186223
4 126.00 0.00 108.00 0.00 36.00 0.00 54.00 0.00 0.200888
4 162.00 0.00 144.00 0.00 0.00 0.00 18.00 0.00 0.00431684
4 102.00 0.00 96.00 0.00 60.00 0.00 66.00 0.00 0.13869
4 126.00 0.00 96.00 0.00 36.00 0.00 66.00 0.00 1.13971
4 96.00 0.00 90.00 0.00 66.00 0.00 72.00 0.00 0.502356
4 90.00 0.00 87.00 0.00 72.00 0.00 75.00 0.00 0.305779
4 87.00 0.00 84.00 0.00 75.00 0.00 78.00 0.00 1.9268
4 96.00 0.00 93.00 0.00 66.00 0.00 69.00 0.00 0.0846642
4 90.00 0.00 87.00 0.00 75.00 0.00 78.00 0.00 0.547566
4 96.00 0.00 93.00 0.00 69.00 0.00 72.00 0.00 0.0798068
4 87.00 0.00 84.00 0.00 78.00 0.00 81.00 0.00 6.9684
4 93.00 0.00 90.00 0.00 72.00 0.00 75.00 0.00 0.270178
4 108.00 0.00 102.00 0.00 60.00 0.00 66.00 0.00 0.0861532
4 120.00 0.00 96.00 0.00 48.00 0.00 72.00 0.00 1.55097
4 126.00 0.00 114.00 0.00 42.00 0.00 54.00 0.00 0.118104
4 132.00 0.00 108.00 0.00 36.00 0.00 60.00 0.00 0.422019
4 114.00 0.00 102.00 0.00 54.00 0.00 66.00 0.00 0.266086
4 120.00 0.00 102.00 0.00 48.00 0.00 66.00 0.00 0.532111
4 120.00 0.00 108.00 0.00 48.00 0.00 60.00 0.00 0.200189
4 90.00 0.00 87.00 0.00 78.00 0.00 81.00 0.00 1.09733
4 138.00 0.00 126.00 0.00 30.00 0.00 42.00 0.00 0.00718584
4 156.00 0.00 138.00 0.00 12.00 0.00 30.00 0.00 0.00722684
4 144.00 0.00 114.00 0.00 24.00 0.00 54.00 0.00 0.273433
4 108.00 0.00 96.00 0.00 60.00 0.00 72.00 0.00 0.675453
4 168.00 0.00 144.00 0.00 0.00 0.00 24.00 0.00 0.00881691
4 99.00 0.00 96.00 0.00 69.00 0.00 72.00 0.00 0.0717337
4 138.00 0.00 120.00 0.00 30.00 0.00 48.00 0.00 0.0437777
4 144.00 0.00 120.00 0.00 24.00 0.00 48.00 0.00 0.0593869
4 102.00 0.00 90.00 0.00 66.00 0.00 78.00 0.00 2.301
4 102.00 0.00 96.00 0.00 66.00 0.00 72.00 0.00 0.28552
4 144.00 0.00 132.00 0.00 24.00 0.00 36.00 0.00 0.00274994
4 132.00 0.00 120.00 0.00 36.00 0.00 48.00 0.00 0.028959
4 114.00 0.00 108.00 0.00 54.00 0.00 60.00 0.00 0.0519669
4 156.00 0.00 132.00 0.00 12.00 0.00 36.00 0.00 0.0129834
4 96.00 0.00 90.00 0.00 72.00 0.00 78.00 0.00 1.01579
4 96.00 0.00 93.00 0.00 72.00 0.00 75.00 0.00 0.12172
4 93.00 0.00 90.00 0.00 75.00 0.00 78.00 0.00 0.436553
4 90.00 0.00 87.00 0.00 81.00 0.00 84.00 0.00 5.98787
4 96.00 0.00 93.00 0.00 75.00 0.00 78.00 0.00 0.186023
4 99.00 0.00 96.00 0.00 72.00 0.00 75.00 0.00 0.108204
4 93.00 0.00 90.00 0.00 78.00 0.00 81.00 0.00 0.567448
4 114.00 0.00 96.00 0.00 60.00 0.00 78.00 0.00 1.80638
4 114.00 0.00 108.00 0.00 60.00 0.00 66.00 0.00 0.0644352
4 150.00 0.00 132.00 0.00 24.00 0.00 42.00 0.00 0.0107747
4 132.00 0.00 114.00 0.00 42.00 0.00 60.00 0.00 0.286487
4 108.00 0.00 102.00 0.00 66.00 0.00 72.00 0.00 0.16508
4 168.00 0.00 150.00 0.00 6.00 0.00 24.00 0.00 0.00516024
4 162.00 0.00 132.00 0.00 12.00 0.00 42.00 0.00 0.0239986
4 102.00 0.00 96.00 0.00 72.00 0.00 78.00 0.00 0.497767
4 96.00 0.00 90.00 0.00 78.00 0.00 84.00 0.00 2.70565
4 102.00 0.00 99.00 0.00 72.00 0.00 75.00 0.00 0.0939191
4 96.00 0.00 93.00 0.00 78.00 0.00 81.00 0.00 0.202355
4 132.00 0.00 102.00 0.00 42.00 0.00 72.00 0.00 1.38573
4 99.00 0.00 96.00 0.00 75.00 0.00 78.00 0.00 0.159133
4 93.00 0.00 90.00 0.00 81.00 0.00 84.00 0.00 1.4968
4 93.00 0.00 90.00 0.00 84.00 0.00 87.00 0.00 12.4684
4 96.00 0.00 93.00 0.00 81.00 0.00 84.00 0.00 0.411506
4 102.00 0.00 99.00 0.00 75.00 0.00 78.00 0.00 0.136721
4 99.00 0.00 96.00 0.00 78.00 0.00 81.00 0.00 0.140612
4 114.00 0.00 108.00 0.00 66.00 0.00 72.00 0.00 0.116923
4 132.00 0.00 120.00 0.00 48.00 0.00 60.00 0.00 0.156342
4 126.00 0.00 114.00 0.00 54.00 0.00 66.00 0.00 0.184684
4 120.00 0.00 108.00 0.00 60.00 0.00 72.00 0.00 0.321873
4 144.00 0.00 132.00 0.00 36.00 0.00 48.00 0.00 0.0225138
4 174.00 0.00 150.00 0.00 6.00 0.00 30.00 0.00 0.00976785
4 138.00 0.00 114.00 0.00 42.00 0.00 66.00 0.00 0.524994
4 120.00 0.00 114.00 0.00 60.00 0.00 66.00 0.00 0.0450574
4 108.00 0.00 102.00 0.00 72.00 0.00 78.00 0.00 0.270279
4 180.00 0.00 150.00 0.00 0.00 0.00 30.00 0.00 0.012324
4 180.00 0.00 162.00 0.00 0.00 0.00 18.00 0.00 0.00414274
4 126.00 0.00 102.00 0.00 54.00 0.00 78.00 0.00 1.63853
4 102.00 0.00 96.00 0.00 78.00 0.00 84.00 0.00 0.613768
4 138.00 0.00 126.00 0.00 42.00 0.00 54.00 0.00 0.0884851
4 162.00 0.00 138.00 0.00 18.00 0.00 42.00 0.00 0.0164995
4 150.00 0.00 120.00 0.00 30.00 0.00 60.00 0.00 0.382982
4 162.00 0.00 144.00 0.00 18.00 0.00 36.00 0.00 0.00599652
4 144.00 0.00 126.00 0.00 36.00 0.00 54.00 0.00 0.137144
4 126.00 0.00 108.00 0.00 54.00 0.00 72.00 0.00 0.596848
4 150.00 0.00 138.00 0.00 30.00 0.00 42.00 0.00 0.00602072
4 99.00 0.00 96.00 0.00 81.00 0.00 84.00 0.00 0.226623
4 150.00 0.00 126.00 0.00 30.00 0.00 54.00 0.00 0.172892
4 105.00 0.00 102.00 0.00 75.00 0.00 78.00 0.00 0.0807524
4 102.00 0.00 99.00 0.00 78.00 0.00 81.00 0.00 0.10675
4 114.00 0.00 102.00 0.00 66.00 0.00 78.00 0.00 0.73606
4 96.00 0.00 93.00 0.00 84.00 0.00 87.00 0.00 1.68134
4 108.00 0.00 96.00 0.00 72.00 0.00 84.00 0.00 1.6157
4 99.00 0.00 96.00 0.00 84.00 0.00 87.00 0.00 0.616864
4 105.00 0.00 102.00 0.00 78.00 0.00 81.00 0.00 0.0580415
4 102.00 0.00 99.00 0.00 81.00 0.00 84.00 0.00 0.138671
4 96.00 0.00 93.00 0.00 87.00 0.00 90.00 0.00 9.38906
4 108.00 0.00 102.00 0.00 78.00 0.00 84.00 0.00 0.236902
4 120.00 0.00 114.00 0.00 66.00 0.00 72.00 0.00 0.0941757
4 114.00 0.00 108.00 0.00 72.00 0.00 78.00 0.00 0.182254
4 138.00 0.00 120.00 0.00 48.00 0.00 66.00 0.00 0.33902
4 174.00 0.00 156.00 0.00 12.00 0.00 30.00 0.00 0.00279892
4 168.00 0.00 138.00 0.00 18.00 0.00 48.00 0.00 0.0528029
4 120.00 0.00 102.00 0.00 66.00 0.00 84.00 0.00 1.47679
4 99.00 0.00 96.00 0.00 87.00 0.00 90.00 0.00 2.12204
4 102.00 0.00 96.00 0.00 84.00 0.00 90.00 0.00 3.88892
4 108.00 0.00 105.00 0.00 78.00 0.00 81.00 0.00 0.0527904
4 156.00 0.00 138.00 0.00 30.00 0.00 48.00 0.00 0.0305568
4 138.00 0.00 108.00 0.00 48.00 0.00 78.00 0.00 1.68252
4 105.00 0.00 102.00 0.00 81.00 0.00 84.00 0.00 0.0681202
4 102.00 0.00 99.00 0.00 84.00 0.00 87.00 0.00 0.303919
4 108.00 0.00 105.00 0.00 81.00 0.00 84.00 0.00 0.0570849
4 105.00 0.00 102.00 0.00 84.00 0.00 87.00 0.00 0.122958
4 102.00 0.00 99.00 0.00 87.00 0.00 90.00 0.00 0.825175
4 99.00 0.00 96.00 0.00 90.00 0.00 93.00 0.00 13.8065
4 105.00 0.00 102.00 0.00 87.00 0.00 90.00 0.00 0.273727
4 108.00 0.00 102.00 0.00 84.00 0.00 90.00 0.00 0.66269
4 144.00 0.00 132.00 0.00 48.00 0.00 60.00 0.00 0.118202
4 126.00 0.00 120.00 0.00 66.00 0.00 72.00 0.00 0.084402
4 114.00 0.00 102.00 0.00 78.00 0.00 90.00 0.00 1.30128
4 108.00 0.00 105.00 0.00 84.00 0.00 87.00 0.00 0.0913898
4 132.00 0.00 108.00 0.00 60.00 0.00 84.00 0.00 1.5228
4 126.00 0.00 114.00 0.00 66.00 0.00 78.00 0.00 0.451806
4 138.00 0.00 126.00 0.00 54.00 0.00 66.00 0.00 0.133639
4 114.00 0.00 108.00 0.00 78.00 0.00 84.00 0.00 0.139446
4 132.00 0.00 114.00 0.00 60.00 0.00 78.00 0.00 0.756072
4 144.00 0.00 120.00 0.00 48.00 0.00 72.00 0.00 0.675228
4 120.00 0.00 108.00 0.00 72.00 0.00 84.00 0.00 0.593308
4 168.00 0.00 144.00 0.00 24.00 0.00 48.00 0.00 0.0345663
4 156.00 0.00 132.00 0.00 36.00 0.00 60.00 0.00 0.235555
4 132.00 0.00 120.00 0.00 60.00 0.00 72.00 0.00 0.246327
4 150.00 0.00 132.00 0.00 42.00 0.00 60.00 0.00 0.186349
4 150.00 0.00 138.00 0.00 42.00 0.00 54.00 0.00 0.071849
4 168.00 0.00 150.00 0.00 24.00 0.00 42.00 0.00 0.00841789
4 120.00 0.00 114.00 0.00 72.00 0.00 78.00 0.00 0.161264
4 156.00 0.00 144.00 0.00 36.00 0.00 48.00 0.00 0.0157309
4 180.00 0.00 156.00 0.00 12.00 0.00 36.00 0.00 0.00964338
4 156.00 0.00 126.00 0.00 36.00 0.00 66.00 0.00 0.457226
4 111.00 0.00 108.00 0.00 81.00 0.00 84.00 0.00 0.0368541
4 102.00 0.00 99.00 0.00 90.00 0.00 93.00 0.00 3.87897
4 186.00 0.00 156.00 0.00 6.00 0.00 36.00 0.00 0.0127977
4 192.00 0.00 168.00 0.00 0.00 0.00 24.00 0.00 0.00561749
4 186.00 0.00 168.00 0.00 6.00 0.00 24.00 0.00 0.00380969
4 111.00 0.00 108.00 0.00 84.00 0.00 87.00 0.00 0.0532825
4 108.00 0.00 105.00 0.00 87.00 0.00 90.00 0.00 0.174203
4 105.00 0.00 102.00 0.00 90.00 0.00 93.00 0.00 1.06113
4 102.00 0.00 99.00 0.00 93.00 0.00 96.00 0.00 11.5558
4 114.00 0.00 108.00 0.00 84.00 0.00 90.00 0.00 0.261851
4 144.00 0.00 126.00 0.00 54.00 0.00 72.00 0.00 0.351226
4 126.00 0.00 108.00 0.00 72.00 0.00 90.00 0.00 1.33619
4 105.00 0.00 102.00 0.00 93.00 0.00 96.00 0.00 2.52623
4 108.00 0.00 105.00 0.00 90.00 0.00 93.00 0.00 0.578143
4 174.00 0.00 144.00 0.00 24.00 0.00 54.00 0.00 0.13988
4 162.00 0.00 144.00 0.00 36.00 0.00 54.00 0.00 0.0823884
4 144.00 0.00 114.00 0.00 54.00 0.00 84.00 0.00 1.55609
4 126.00 0.00 120.00 0.00 72.00 0.00 78.00 0.00 0.109141
4 180.00 0.00 162.00 0.00 18.00 0.00 36.00 0.00 0.00480724
4 114.00 0.00 111.00 0.00 84.00 0.00 87.00 0.00 0.0461732
4 120.00 0.00 114.00 0.00 78.00 0.00 84.00 0.00 0.107839
4 108.00 0.00 102.00 0.00 90.00 0.00 96.00 0.00 5.39391
4 111.00 0.00 108.00 0.00 87.00 0.00 90.00 0.00 0.0885555
4 108.00 0.00 105.00 0.00 93.00 0.00 96.00 0.00 1.20068
4 114.00 0.00 111.00 0.00 87.00 0.00 90.00 0.00 0.0712437
4 111.00 0.00 108.00 0.00 90.00 0.00 93.00 0.00 0.257385
4 105.00 0.00 102.00 0.00 96.00 0.00 99.00 0.00 10.4974
4 162.00 0.00 150.00 0.00 42.00 0.00 54.00 0.00 0.0469147
4 126.00 0.00 120.00 0.00 78.00 0.00 84.00 0.00 0.0850008
4 150.00 0.00 126.00 0.00 54.00 0.00 78.00 0.00 0.690205
4 138.00 0.00 126.00 0.00 66.00 0.00 78.00 0.00 0.284057
4 138.00 0.00 114.00 0.00 66.00 0.00 90.00 0.00 1.47964
4 144.00 0.00 132.00 0.00 60.00 0.00 72.00 0.00 0.155329
4 120.00 0.00 114.00 0.00 84.00 0.00 90.00 0.00 0.168368
4 132.00 0.00 126.00 0.00 72.00 0.00 78.00 0.00 0.0986079
4 126.00 0.00 114.00 0.00 78.00 0.00 90.00 0.00 0.48347
4 156.00 0.00 138.00 0.00 48.00 0.00 66.00 0.00 0.203749
4 138.00 0.00 120.00 0.00 66.00 0.00 84.00 0.00 0.678691
4 150.00 0.00 138.00 0.00 54.00 0.00 66.00 0.00 0.0975393
4 174.00 0.00 150.00 0.00 30.00 0.00 54.00 0.00 0.10413
4 162.00 0.00 132.00 0.00 42.00 0.00 72.00 0.00 0.554879
4 162.00 0.00 138.00 0.00 42.00 0.00 66.00 0.00 0.277768
4 114.00 0.00 108.00 0.00 90.00 0.00 96.00 0.00 1.203
4 117.00 0.00 114.00 0.00 87.00 0.00 90.00 0.00 0.0578523
4 156.00 0.00 144.00 0.00 48.00 0.00 60.00 0.00 0.0769269
4 120.00 0.00 108.00 0.00 84.00 0.00 96.00 0.00 2.19061
4 174.00 0.00 156.00 0.00 30.00 0.00 48.00 0.00 0.0225837
4 108.00 0.00 105.00 0.00 96.00 0.00 99.00 0.00 4.04363
4 111.00 0.00 108.00 0.00 93.00 0.00 96.00 0.00 0.46004
4 114.00 0.00 111.00 0.00 90.00 0.00 93.00 0.00 0.185873
4 132.00 0.00 120.00 0.00 72.00 0.00 84.00 0.00 0.362119
4 186.00 0.00 162.00 0.00 18.00 0.00 42.00 0.00 0.0111374
4 192.00 0.00 162.00 0.00 12.00 0.00 42.00 0.00 0.0147013
4 192.00 0.00 174.00 0.00 12.00 0.00 30.00 0.00 0.00350073
4 198.00 0.00 174.00 0.00 6.00 0.00 30.00 0.00 0.00573322
4 108.00 0.00 105.00 0.00 99.00 0.00 102.00 0.00 14.3086
4 114.00 0.00 111.00 0.00 93.00 0.00 96.00 0.00 0.296316
4 117.00 0.00 114.00 0.00 90.00 0.00 93.00 0.00 0.140864
4 111.00 0.00 108.00 0.00 96.00 0.00 99.00 0.00 1.35218
4 126.00 0.00 120.00 0.00 84.00 0.00 90.00 0.00 0.120368
4 111.00 0.00 108.00 0.00 99.00 0.00 102.00 0.00 3.54237
4 114.00 0.00 108.00 0.00 96.00 0.00 102.00 0.00 7.48773
4 120.00 0.00 114.00 0.00 90.00 0.00 96.00 0.00 0.561232
4 150.00 0.00 132.00 0.00 60.00 0.00 78.00 0.00 0.375356
4 120.00 0.00 117.00 0.00 90.00 0.00 93.00 0.00 0.0902528
4 168.00 0.00 150.00 0.00 42.00 0.00 60.00 0.00 0.123454
4 132.00 0.00 126.00 0.00 78.00 0.00 84.00 0.00 0.0683362
4 180.00 0.00 150.00 0.00 30.00 0.00 60.00 0.00 0.188165
4 114.00 0.00 111.00 0.00 96.00 0.00 99.00 0.00 0.77867
4 150.00 0.00 120.00 0.00 60.00 0.00 90.00 0.00 1.42824
4 132.00 0.00 114.00 0.00 78.00 0.00 96.00 0.00 1.78667
4 117.00 0.00 114.00 0.00 93.00 0.00 96.00 0.00 0.205588
4 210.00 0.00 180.00 0.00 0.00 0.00 30.00 0.00 0.00557513
4 186.00 0.00 168.00 0.00 24.00 0.00 42.00 0.00 0.00543382
4 111.00 0.00 108.00 0.00 102.00 0.00 105.00 0.00 8.78562
4 114.00 0.00 111.00 0.00 99.00 0.00 102.00 0.00 1.79091
4 120.00 0.00 117.00 0.00 93.00 0.00 96.00 0.00 0.122752
4 117.00 0.00 114.00 0.00 96.00 0.00 99.00 0.00 0.49379
4 126.00 0.00 120.00 0.00 90.00 0.00 96.00 0.00 0.346749
4 120.00 0.00 114.00 0.00 96.00 0.00 102.00 0.00 2.34391
4 126.00 0.00 114.00 0.00 90.00 0.00 102.00 0.00 4.41247
4 114.00 0.00 111.00 0.00 102.00 0.00 105.00 0.00 3.21831
4 138.00 0.00 132.00 0.00 78.00 0.00 84.00 0.00 0.0461082
4 144.00 0.00 120.00 0.00 72.00 0.00 96.00 0.00 1.69996
4 132.00 0.00 126.00 0.00 84.00 0.00 90.00 0.00 0.0905048
4 168.00 0.00 138.00 0.00 48.00 0.00 78.00 0.00 0.656293
4 180.00 0.00 162.00 0.00 36.00 0.00 54.00 0.00 0.0688701
4 144.00 0.00 132.00 0.00 72.00 0.00 84.00 0.00 0.208517
4 132.00 0.00 120.00 0.00 84.00 0.00 96.00 0.00 0.797549
4 162.00 0.00 150.00 0.00 54.00 0.00 66.00 0.00 0.0624175
4 156.00 0.00 144.00 0.00 60.00 0.00 72.00 0.00 0.0975514
4 162.00 0.00 144.00 0.00 54.00 0.00 72.00 0.00 0.18712
4 144.00 0.00 126.00 0.00 72.00 0.00 90.00 0.00 0.562048
4 150.00 0.00 138.00 0.00 66.00 0.00 78.00 0.00 0.176142
4 168.00 0.00 144.00 0.00 48.00 0.00 72.00 0.00 0.33055
4 168.00 0.00 156.00 0.00 48.00 0.00 60.00 0.00 0.0706633
4 156.00 0.00 132.00 0.00 60.00 0.00 84.00 0.00 0.584295
4 180.00 0.00 156.00 0.00 36.00 0.00 60.00 0.00 0.143186
4 138.00 0.00 126.00 0.00 78.00 0.00 90.00 0.00 0.261937
4 120.00 0.00 117.00 0.00 96.00 0.00 99.00 0.00 0.274431
4 117.00 0.00 114.00 0.00 99.00 0.00 102.00 0.00 1.03886
4 123.00 0.00 120.00 0.00 93.00 0.00 96.00 0.00 0.105476
4 192.00 0.00 168.00 0.00 24.00 0.00 48.00 0.00 0.0198562
4 198.00 0.00 180.00 0.00 18.00 0.00 36.00 0.00 0.00228426
4 216.00 0.00 192.00 0.00 0.00 0.00 24.00 0.00 0.00275104
4 198.00 0.00 168.00 0.00 18.00 0.00 48.00 0.00 0.0253246
4 204.00 0.00 180.00 0.00 12.00 0.00 36.00 0.00 0.00466321
4 117.00 0.00 114.00 0.00 102.00 0.00 105.00 0.00 1.6512
4 120.00 0.00 117.00 0.00 99.00 0.00 102.00 0.00 0.538061
4 114.00 0.00 111.00 0.00 105.00 0.00 108.00 0.00 10.5593
4 123.00 0.00 120.00 0.00 96.00 0.00 99.00 0.00 0.225093
4 126.00 0.00 120.00 0.00 96.00 0.00 102.00 0.00 1.15994
4 138.00 0.00 120.00 0.00 84.00 0.00 102.00 0.00 3.28439
4 138.00 0.00 132.00 0.00 84.00 0.00 90.00 0.00 0.0568814
4 120.00 0.00 114.00 0.00 102.00 0.00 108.00 0.00 7.85443
4 174.00 0.00 156.00 0.00 48.00 0.00 66.00 0.00 0.148942
4 132.00 0.00 126.00 0.00 90.00 0.00 96.00 0.00 0.240901
4 156.00 0.00 138.00 0.00 66.00 0.00 84.00 0.00 0.322959
4 156.00 0.00 126.00 0.00 66.00 0.00 96.00 0.00 1.50203
4 120.00 0.00 117.00 0.00 102.00 0.00 105.00 0.00 0.785686
4 117.00 0.00 114.00 0.00 105.00 0.00 108.00 0.00 3.80496
4 192.00 0.00 174.00 0.00 30.00 0.00 48.00 0.00 0.0108373
4 216.00 0.00 186.00 0.00 6.00 0.00 36.00 0.00 0.00530734
4 186.00 0.00 156.00 0.00 36.00 0.00 66.00 0.00 0.230924
4 126.00 0.00 123.00 0.00 96.00 0.00 99.00 0.00 0.18232
4 123.00 0.00 120.00 0.00 99.00 0.00 102.00 0.00 0.422007
4 117.00 0.00 114.00 0.00 108.00 0.00 111.00 0.00 9.51153
4 120.00 0.00 117.00 0.00 105.00 0.00 108.00 0.00 1.59334
4 126.00 0.00 123.00 0.00 99.00 0.00 102.00 0.00 0.329391
4 123.00 0.00 120.00 0.00 102.00 0.00 105.00 0.00 0.584794
4 132.00 0.00 126.00 0.00 96.00 0.00 102.00 0.00 0.725675
4 126.00 0.00 120.00 0.00 102.00 0.00 108.00 0.00 2.94568
4 174.00 0.00 150.00 0.00 54.00 0.00 78.00 0.00 0.34987
4 138.00 0.00 132.00 0.00 90.00 0.00 96.00 0.00 0.145076
4 168.00 0.00 150.00 0.00 60.00 0.00 78.00 0.00 0.220765
4 144.00 0.00 138.00 0.00 84.00 0.00 90.00 0.00 0.0402629
4 144.00 0.00 132.00 0.00 84.00 0.00 96.00 0.00 0.332825
4 150.00 0.00 132.00 0.00 78.00 0.00 96.00 0.00 0.517478
4 174.00 0.00 144.00 0.00 54.00 0.00 84.00 0.00 0.568793
4 150.00 0.00 126.00 0.00 78.00 0.00 102.00 0.00 2.40403
4 132.00 0.00 120.00 0.00 96.00 0.00 108.00 0.00 6.48347
4 150.00 0.00 138.00 0.00 78.00 0.00 90.00 0.00 0.130454
4 168.00 0.00 156.00 0.00 60.00 0.00 72.00 0.00 0.0837272
4 162.00 0.00 138.00 0.00 66.00 0.00 90.00 0.00 0.484872
4 162.00 0.00 150.00 0.00 66.00 0.00 78.00 0.00 0.110112
4 156.00 0.00 144.00 0.00 72.00 0.00 84.00 0.00 0.121959
4 174.00 0.00 162.00 0.00 54.00 0.00 66.00 0.00 0.0644865
4 138.00 0.00 126.00 0.00 90.00 0.00 102.00 0.00 1.51269
4 120.00 0.00 117.00 0.00 108.00 0.00 111.00 0.00 2.54817
4 186.00 0.00 168.00 0.00 42.00 0.00 60.00 0.00 0.0777154
4 198.00 0.00 174.00 0.00 30.00 0.00 54.00 0.00 0.0484974
4 204.00 0.00 174.00 0.00 24.00 0.00 54.00 0.00 0.0591991
4 186.00 0.00 162.00 0.00 42.00 0.00 66.00 0.00 0.172537
4 222.00 0.00 198.00 0.00 6.00 0.00 30.00 0.00 0.0016433
4 210.00 0.00 186.00 0.00 18.00 0.00 42.00 0.00 0.00491019
4 204.00 0.00 186.00 0.00 24.00 0.00 42.00 0.00 0.00293391
4 129.00 0.00 126.00 0.00 99.00 0.00 102.00 0.00 0.261922
4 126.00 0.00 123.00 0.00 102.00 0.00 105.00 0.00 0.439762
4 123.00 0.00 120.00 0.00 105.00 0.00 108.00 0.00 1.11515
4 120.00 0.00 117.00 0.00 111.00 0.00 114.00 0.00 7.98129
4 126.00 0.00 123.00 0.00 105.00 0.00 108.00 0.00 0.804143
4 129.00 0.00 126.00 0.00 102.00 0.00 105.00 0.00 0.340887
4 123.00 0.00 120.00 0.00 108.00 0.00 111.00 0.00 1.56427
4 144.00 0.00 126.00 0.00 90.00 0.00 108.00 0.00 4.86449
4 132.00 0.00 126.00 0.00 102.00 0.00 108.00 0.00 1.65396
4 144.00 0.00 138.00 0.00 90.00 0.00 96.00 0.00 0.0900445
4 138.00 0.00 132.00 0.00 96.00 0.00 102.00 0.00 0.401804
4 180.00 0.00 162.00 0.00 54.00 0.00 72.00 0.00 0.14978
4 162.00 0.00 132.00 0.00 72.00 0.00 102.00 0.00 1.71945
4 162.00 0.00 144.00 0.00 72.00 0.00 90.00 0.00 0.22352
4 126.00 0.00 120.00 0.00 108.00 0.00 114.00 0.00 7.80292
4 222.00 0.00 192.00 0.00 12.00 0.00 42.00 0.00 0.00501001
4 129.00 0.00 126.00 0.00 105.00 0.00 108.00 0.00 0.607011
4 198.00 0.00 180.00 0.00 36.00 0.00 54.00 0.00 0.0309033
4 192.00 0.00 162.00 0.00 42.00 0.00 72.00 0.00 0.277975
4 123.00 0.00 120.00 0.00 111.00 0.00 114.00 0.00 3.26611
4 126.00 0.00 123.00 0.00 108.00 0.00 111.00 0.00 1.05064
4 132.00 0.00 129.00 0.00 102.00 0.00 105.00 0.00 0.256133
4 132.00 0.00 129.00 0.00 105.00 0.00 108.00 0.00 0.448221
4 123.00 0.00 120.00 0.00 114.00 0.00 117.00 0.00 9.52912
4 126.00 0.00 123.00 0.00 111.00 0.00 114.00 0.00 1.89925
4 129.00 0.00 126.00 0.00 108.00 0.00 111.00 0.00 0.763632
4 156.00 0.00 132.00 0.00 84.00 0.00 108.00 0.00 2.96574
4 144.00 0.00 138.00 0.00 96.00 0.00 102.00 0.00 0.248108
4 138.00 0.00 126.00 0.00 102.00 0.00 114.00 0.00 7.6103
4 144.00 0.00 132.00 0.00 96.00 0.00 108.00 0.00 2.01204
4 138.00 0.00 132.00 0.00 102.00 0.00 108.00 0.00 0.852089
4 168.00 0.00 144.00 0.00 72.00 0.00 96.00 0.00 0.409284
4 162.00 0.00 150.00 0.00 78.00 0.00 90.00 0.00 0.0678044
4 174.00 0.00 162.00 0.00 66.00 0.00 78.00 0.00 0.112645
4 174.00 0.00 156.00 0.00 66.00 0.00 84.00 0.00 0.21841
4 180.00 0.00 156.00 0.00 60.00 0.00 84.00 0.00 0.323364
4 132.00 0.00 126.00 0.00 108.00 0.00 114.00 0.00 3.48896
4 168.00 0.00 156.00 0.00 72.00 0.00 84.00 0.00 0.10017
4 180.00 0.00 150.00 0.00 60.00 0.00 90.00 0.00 0.481821
4 156.00 0.00 138.00 0.00 84.00 0.00 102.00 0.00 0.673796
4 156.00 0.00 144.00 0.00 84.00 0.00 96.00 0.00 0.118895
4 150.00 0.00 144.00 0.00 90.00 0.00 96.00 0.00 0.0468881
4 180.00 0.00 168.00 0.00 60.00 0.00 72.00 0.00 0.0678868
4 150.00 0.00 138.00 0.00 90.00 0.00 102.00 0.00 0.500611
4 240.00 0.00 210.00 0.00 0.00 0.00 30.00 0.00 0.00201929
4 192.00 0.00 168.00 0.00 48.00 0.00 72.00 0.00 0.173803
4 126.00 0.00 123.00 0.00 114.00 0.00 117.00 0.00 3.53683
4 210.00 0.00 192.00 0.00 30.00 0.00 48.00 0.00 0.00717811
4 240.00 0.00 216.00 0.00 0.00 0.00 24.00 0.00 0.00150913
4 210.00 0.00 180.00 0.00 30.00 0.00 60.00 0.00 0.0723072
4 192.00 0.00 174.00 0.00 48.00 0.00 66.00 0.00 0.0715587
4 216.00 0.00 192.00 0.00 24.00 0.00 48.00 0.00 0.00876391
4 204.00 0.00 180.00 0.00 36.00 0.00 60.00 0.00 0.064259
4 135.00 0.00 132.00 0.00 105.00 0.00 108.00 0.00 0.318052
4 132.00 0.00 129.00 0.00 108.00 0.00 111.00 0.00 0.549546
4 129.00 0.00 126.00 0.00 111.00 0.00 114.00 0.00 1.28845
4 228.00 0.00 204.00 0.00 12.00 0.00 36.00 0.00 0.00143943
4 135.00 0.00 132.00 0.00 108.00 0.00 111.00 0.00 0.378889
4 126.00 0.00 123.00 0.00 117.00 0.00 120.00 0.00 7.66772
4 132.00 0.00 129.00 0.00 111.00 0.00 114.00 0.00 0.884709
4 129.00 0.00 126.00 0.00 114.00 0.00 117.00 0.00 2.08221
4 138.00 0.00 132.00 0.00 108.00 0.00 114.00 0.00 1.62021
4 168.00 0.00 138.00 0.00 78.00 0.00 108.00 0.00 1.88812
4 168.00 0.00 150.00 0.00 78.00 0.00 96.00 0.00 0.171619
4 150.00 0.00 144.00 0.00 96.00 0.00 102.00 0.00 0.113192
4 150.00 0.00 132.00 0.00 96.00 0.00 114.00 0.00 5.2718
4 144.00 0.00 138.00 0.00 102.00 0.00 108.00 0.00 0.511216
4 132.00 0.00 126.00 0.00 114.00 0.00 120.00 0.00 8.23162
4 204.00 0.00 186.00 0.00 42.00 0.00 60.00 0.00 0.0461263
4 198.00 0.00 168.00 0.00 48.00 0.00 78.00 0.00 0.28631
4 129.00 0.00 126.00 0.00 117.00 0.00 120.00 0.00 3.12501
4 228.00 0.00 198.00 0.00 18.00 0.00 48.00 0.00 0.00789322
4 138.00 0.00 135.00 0.00 108.00 0.00 111.00 0.00 0.258778
4 135.00 0.00 132.00 0.00 111.00 0.00 114.00 0.00 0.58965
4 132.00 0.00 129.00 0.00 114.00 0.00 117.00 0.00 1.31739
4 186.00 0.00 168.00 0.00 60.00 0.00 78.00 0.00 0.13627
4 129.00 0.00 126.00 0.00 120.00 0.00 123.00 0.00 10.7993
4 138.00 0.00 135.00 0.00 111.00 0.00 114.00 0.00 0.393242
4 135.00 0.00 132.00 0.00 114.00 0.00 117.00 0.00 0.831814
4 132.00 0.00 129.00 0.00 117.00 0.00 120.00 0.00 1.68699
4 168.00 0.00 156.00 0.00 84.00 0.00 96.00 0.00 0.0679202
4 174.00 0.00 150.00 0.00 78.00 0.00 102.00 0.00 0.373311
4 144.00 0.00 138.00 0.00 108.00 0.00 114.00 0.00 0.924999
4 174.00 0.00 162.00 0.00 78.00 0.00 90.00 0.00 0.061403
4 150.00 0.00 144.00 0.00 102.00 0.00 108.00 0.00 0.223033
4 138.00 0.00 132.00 0.00 114.00 0.00 120.00 0.00 2.92674
4 162.00 0.00 138.00 0.00 90.00 0.00 114.00 0.00 3.11216
4 180.00 0.00 162.00 0.00 72.00 0.00 90.00 0.00 0.158743
4 144.00 0.00 132.00 0.00 108.00 0.00 120.00 0.00 6.99791
4 156.00 0.00 150.00 0.00 96.00 0.00 102.00 0.00 0.0612579
4 162.00 0.00 144.00 0.00 90.00 0.00 108.00 0.00 0.694172
4 162.00 0.00 150.00 0.00 90.00 0.00 102.00 0.00 0.144198
4 156.00 0.00 144.00 0.00 96.00 0.00 108.00 0.00 0.50446
4 180.00 0.00 168.00 0.00 72.00 0.00 84.00 0.00 0.0730318
4 150.00 0.00 138.00 0.00 102.00 0.00 114.00 0.00 2.04031
4 186.00 0.00 156.00 0.00 66.00 0.00 96.00 0.00 0.408472
4 198.00 0.00 180.00 0.00 54.00 0.00 72.00 0.00 0.0674424
4 186.00 0.00 174.00 0.00 66.00 0.00 78.00 0.00 0.0543662
4 222.00 0.00 198.00 0.00 30.00 0.00 54.00 0.00 0.0193766
4 132.00 0.00 129.00 0.00 120.00 0.00 123.00 0.00 3.6295
4 216.00 0.00 198.00 0.00 36.00 0.00 54.00 0.00 0.0147455
4 186.00 0.00 162.00 0.00 66.00 0.00 90.00 0.00 0.256086
4 216.00 0.00 186.00 0.00 36.00 0.00 66.00 0.00 0.0818274
4 210.00 0.00 186.00 0.00 42.00 0.00 66.00 0.00 0.0726551
4 198.00 0.00 174.00 0.00 54.00 0.00 78.00 0.00 0.155139
4 141.00 0.00 138.00 0.00 111.00 0.00 114.00 0.00 0.309975
4 234.00 0.00 210.00 0.00 18.00 0.00 42.00 0.00 0.00112597
4 138.00 0.00 135.00 0.00 114.00 0.00 117.00 0.00 0.539406
4 135.00 0.00 132.00 0.00 117.00 0.00 120.00 0.00 0.959947
4 138.00 0.00 135.00 0.00 117.00 0.00 120.00 0.00 0.594745
4 135.00 0.00 132.00 0.00 120.00 0.00 123.00 0.00 1.65278
4 141.00 0.00 138.00 0.00 114.00 0.00 117.00 0.00 0.416014
4 132.00 0.00 129.00 0.00 123.00 0.00 126.00 0.00 12.0167
4 138.00 0.00 132.00 0.00 120.00 0.00 126.00 0.00 7.40382
4 144.00 0.00 138.00 0.00 114.00 0.00 120.00 0.00 1.52754
4 174.00 0.00 156.00 0.00 84.00 0.00 102.00 0.00 0.189868
4 150.00 0.00 144.00 0.00 108.00 0.00 114.00 0.00 0.380655
4 156.00 0.00 138.00 0.00 102.00 0.00 120.00 0.00 4.68617
4 174.00 0.00 144.00 0.00 84.00 0.00 114.00 0.00 1.72058
4 156.00 0.00 150.00 0.00 102.00 0.00 108.00 0.00 0.104266
4 192.00 0.00 174.00 0.00 66.00 0.00 84.00 0.00 0.098862
4 138.00 0.00 135.00 0.00 120.00 0.00 123.00 0.00 0.91495
4 144.00 0.00 141.00 0.00 114.00 0.00 117.00 0.00 0.3239
4 210.00 0.00 192.00 0.00 48.00 0.00 66.00 0.00 0.0459244
4 135.00 0.00 132.00 0.00 123.00 0.00 126.00 0.00 3.30146
4 234.00 0.00 204.00 0.00 24.00 0.00 54.00 0.00 0.0171062
4 204.00 0.00 174.00 0.00 54.00 0.00 84.00 0.00 0.220666
4 141.00 0.00 138.00 0.00 117.00 0.00 120.00 0.00 0.446281
4 141.00 0.00 138.00 0.00 120.00 0.00 123.00 0.00 0.638425
4 144.00 0.00 141.00 0.00 117.00 0.00 120.00 0.00 0.340152
4 138.00 0.00 135.00 0.00 123.00 0.00 126.00 0.00 1.50728
4 135.00 0.00 132.00 0.00 126.00 0.00 129.00 0.00 12.9928
4 150.00 0.00 144.00 0.00 114.00 0.00 120.00 0.00 0.590191
4 150.00 0.00 138.00 0.00 114.00 0.00 126.00 0.00 5.7665
4 168.00 0.00 144.00 0.00 96.00 0.00 120.00 0.00 2.49987
4 174.00 0.00 162.00 0.00 90.00 0.00 102.00 0.00 0.0989158
4 180.00 0.00 156.00 0.00 84.00 0.00 108.00 0.00 0.387659
4 162.00 0.00 156.00 0.00 102.00 0.00 108.00 0.00 0.0608104
4 180.00 0.00 168.00 0.00 84.00 0.00 96.00 0.00 0.0441201
4 168.00 0.00 156.00 0.00 96.00 0.00 108.00 0.00 0.184039
4 162.00 0.00 150.00 0.00 102.00 0.00 114.00 0.00 0.429702
4 168.00 0.00 150.00 0.00 96.00 0.00 114.00 0.00 0.695557
4 144.00 0.00 138.00 0.00 120.00 0.00 126.00 0.00 2.72777
4 156.00 0.00 144.00 0.00 108.00 0.00 120.00 0.00 1.39814
4 156.00 0.00 150.00 0.00 108.00 0.00 114.00 0.00 0.171266
4 228.00 0.00 204.00 0.00 36.00 0.00 60.00 0.00 0.020695
4 192.00 0.00 162.00 0.00 72.00 0.00 102.00 0.00 0.349338
4 192.00 0.00 180.00 0.00 72.00 0.00 84.00 0.00 0.0361894
4 186.00 0.00 174.00 0.00 78.00 0.00 90.00 0.00 0.0280844
4 138.00 0.00 135.00 0.00 126.00 0.00 129.00 0.00 3.37976
4 240.00 0.00 216.00 0.00 24.00 0.00 48.00 0.00 0.00363355
4 222.00 0.00 192.00 0.00 42.00 0.00 72.00 0.00 0.0925509
4 192.00 0.00 168.00 0.00 72.00 0.00 96.00 0.00 0.172261
4 222.00 0.00 204.00 0.00 42.00 0.00 60.00 0.00 0.0161311
4 186.00 0.00 168.00 0.00 78.00 0.00 96.00 0.00 0.0865907
4 204.00 0.00 186.00 0.00 60.00 0.00 78.00 0.00 0.0798634
4 216.00 0.00 192.00 0.00 48.00 0.00 72.00 0.00 0.0768003
4 147.00 0.00 144.00 0.00 117.00 0.00 120.00 0.00 0.175095
4 144.00 0.00 141.00 0.00 120.00 0.00 123.00 0.00 0.465552
4 141.00 0.00 138.00 0.00 123.00 0.00 126.00 0.00 0.958387
4 204.00 0.00 180.00 0.00 60.00 0.00 84.00 0.00 0.133497
4 147.00 0.00 144.00 0.00 120.00 0.00 123.00 0.00 0.236053
4 141.00 0.00 138.00 0.00 126.00 0.00 129.00 0.00 1.67246
4 138.00 0.00 135.00 0.00 129.00 0.00 132.00 0.00 13.4184
4 144.00 0.00 141.00 0.00 123.00 0.00 126.00 0.00 0.661671
4 156.00 0.00 150.00 0.00 114.00 0.00 120.00 0.00 0.255822
4 144.00 0.00 138.00 0.00 126.00 0.00 132.00 0.00 8.2414
4 180.00 0.00 162.00 0.00 90.00 0.00 108.00 0.00 0.228091
4 180.00 0.00 150.00 0.00 90.00 0.00 120.00 0.00 1.54746
4 162.00 0.00 144.00 0.00 108.00 0.00 126.00 0.00 3.09074
4 150.00 0.00 144.00 0.00 120.00 0.00 126.00 0.00 0.924226
4 162.00 0.00 156.00 0.00 108.00 0.00 114.00 0.00 0.0925152
4 198.00 0.00 180.00 0.00 72.00 0.00 90.00 0.00 0.0700319
4 147.00 0.00 144.00 0.00 123.00 0.00 126.00 0.00 0.318937
4 210.00 0.00 180.00 0.00 60.00 0.00 90.00 0.00 0.166284
4 216.00 0.00 198.00 0.00 54.00 0.00 72.00 0.00 0.034444
4 240.00 0.00 210.00 0.00 30.00 0.00 60.00 0.00 0.0247394
4 141.00 0.00 138.00 0.00 129.00 0.00 132.00 0.00 3.92967
4 150.00 0.00 147.00 0.00 120.00 0.00 123.00 0.00 0.158247
4 144.00 0.00 141.00 0.00 126.00 0.00 129.00 0.00 0.966194
4 147.00 0.00 144.00 0.00 126.00 0.00 129.00 0.00 0.447707
4 144.00 0.00 141.00 0.00 129.00 0.00 132.00 0.00 1.64909
4 141.00 0.00 138.00 0.00 132.00 0.00 135.00 0.00 15.8447
4 150.00 0.00 147.00 0.00 123.00 0.00 126.00 0.00 0.209442
4 168.00 0.00 162.00 0.00 108.00 0.00 114.00 0.00 0.0808631
4 156.00 0.00 150.00 0.00 120.00 0.00 126.00 0.00 0.374039
4 150.00 0.00 144.00 0.00 126.00 0.00 132.00 0.00 1.86785
4 168.00 0.00 156.00 0.00 108.00 0.00 120.00 0.00 0.41424
4 180.00 0.00 168.00 0.00 96.00 0.00 108.00 0.00 0.0919563
4 174.00 0.00 156.00 0.00 102.00 0.00 120.00 0.00 0.663836
4 174.00 0.00 162.00 0.00 102.00 0.00 114.00 0.00 0.201689
4 162.00 0.00 156.00 0.00 114.00 0.00 120.00 0.00 0.127992
4 162.00 0.00 150.00 0.00 114.00 0.00 126.00 0.00 0.931713
4 156.00 0.00 144.00 0.00 120.00 0.00 132.00 0.00 3.78568
4 174.00 0.00 150.00 0.00 102.00 0.00 126.00 0.00 1.97066
4 222.00 0.00 198.00 0.00 54.00 0.00 78.00 0.00 0.0625408
4 186.00 0.00 162.00 0.00 90.00 0.00 114.00 0.00 0.424111
4 192.00 0.00 180.00 0.00 84.00 0.00 96.00 0.00 0.0205482
4 192.00 0.00 174.00 0.00 84.00 0.00 102.00 0.00 0.0662927
4 198.00 0.00 186.00 0.00 78.00 0.00 90.00 0.00 0.0220106
4 198.00 0.00 174.00 0.00 78.00 0.00 102.00 0.00 0.115884
4 228.00 0.00 210.00 0.00 48.00 0.00 66.00 0.00 0.0185492
4 234.00 0.00 210.00 0.00 42.00 0.00 66.00 0.00 0.0269903
4 186.00 0.00 174.00 0.00 90.00 0.00 102.00 0.00 0.0376054
4 228.00 0.00 198.00 0.00 48.00 0.00 78.00 0.00 0.0892906
4 150.00 0.00 147.00 0.00 126.00 0.00 129.00 0.00 0.28385
4 210.00 0.00 186.00 0.00 66.00 0.00 90.00 0.00 0.104866
4 198.00 0.00 168.00 0.00 78.00 0.00 108.00 0.00 0.265262
4 210.00 0.00 192.00 0.00 66.00 0.00 84.00 0.00 0.0634492
4 144.00 0.00 141.00 0.00 132.00 0.00 135.00 0.00 4.1915
4 153.00 0.00 150.00 0.00 123.00 0.00 126.00 0.00 0.145866
4 147.00 0.00 144.00 0.00 129.00 0.00 132.00 0.00 0.705668
4 153.00 0.00 150.00 0.00 126.00 0.00 129.00 0.00 0.186559
4 150.00 0.00 147.00 0.00 129.00 0.00 132.00 0.00 0.426549
4 147.00 0.00 144.00 0.00 132.00 0.00 135.00 0.00 1.44355
4 144.00 0.00 141.00 0.00 135.00 0.00 138.00 0.00 12.9515
4 168.00 0.00 150.00 0.00 114.00 0.00 132.00 0.00 2.2562
4 162.00 0.00 156.00 0.00 120.00 0.00 126.00 0.00 0.174754
4 150.00 0.00 144.00 0.00 132.00 0.00 138.00 0.00 6.87613
4 156.00 0.00 150.00 0.00 126.00 0.00 132.00 0.00 0.626051
4 168.00 0.00 162.00 0.00 114.00 0.00 120.00 0.00 0.111868
4 204.00 0.00 186.00 0.00 78.00 0.00 96.00 0.00 0.0467994
4 222.00 0.00 204.00 0.00 60.00 0.00 78.00 0.00 0.0273263
4 186.00 0.00 156.00 0.00 96.00 0.00 126.00 0.00 1.3797
4 150.00 0.00 147.00 0.00 132.00 0.00 135.00 0.00 0.786803
4 186.00 0.00 168.00 0.00 96.00 0.00 114.00 0.00 0.201109
4 216.00 0.00 186.00 0.00 66.00 0.00 96.00 0.00 0.133945
4 156.00 0.00 153.00 0.00 126.00 0.00 129.00 0.00 0.0810285
4 147.00 0.00 144.00 0.00 135.00 0.00 138.00 0.00 3.17446
4 153.00 0.00 150.00 0.00 129.00 0.00 132.00 0.00 0.252926
4 150.00 0.00 147.00 0.00 135.00 0.00 138.00 0.00 1.50647
4 147.00 0.00 144.00 0.00 138.00 0.00 141.00 0.00 20.5754
4 156.00 0.00 153.00 0.00 129.00 0.00 132.00 0.00 0.106967
4 153.00 0.00 150.00 0.00 132.00 0.00 135.00 0.00 0.42839
4 174.00 0.00 168.00 0.00 114.00 0.00 120.00 0.00 0.0693434
4 174.00 0.00 162.00 0.00 114.00 0.00 126.00 0.00 0.409318
4 168.00 0.00 156.00 0.00 120.00 0.00 132.00 0.00 0.761433
4 162.00 0.00 150.00 0.00 126.00 0.00 138.00 0.00 2.873
4 168.00 0.00 162.00 0.00 120.00 0.00 126.00 0.00 0.145943
4 180.00 0.00 168.00 0.00 108.00 0.00 120.00 0.00 0.169293
4 180.00 0.00 156.00 0.00 108.00 0.00 132.00 0.00 1.61123
4 162.00 0.00 156.00 0.00 126.00 0.00 132.00 0.00 0.249473
4 180.00 0.00 162.00 0.00 108.00 0.00 126.00 0.00 0.625247
4 156.00 0.00 150.00 0.00 132.00 0.00 138.00 0.00 1.54858
4 234.00 0.00 216.00 0.00 54.00 0.00 72.00 0.00 0.0207577
4 186.00 0.00 174.00 0.00 102.00 0.00 114.00 0.00 0.0738873
4 204.00 0.00 174.00 0.00 84.00 0.00 114.00 0.00 0.229406
4 198.00 0.00 180.00 0.00 90.00 0.00 108.00 0.00 0.0700131
4 159.00 0.00 156.00 0.00 129.00 0.00 132.00 0.00 0.0737841
4 198.00 0.00 186.00 0.00 90.00 0.00 102.00 0.00 0.0260754
4 228.00 0.00 204.00 0.00 60.00 0.00 84.00 0.00 0.0449494
4 216.00 0.00 198.00 0.00 72.00 0.00 90.00 0.00 0.034726
4 192.00 0.00 180.00 0.00 96.00 0.00 108.00 0.00 0.0364652
4 192.00 0.00 168.00 0.00 96.00 0.00 120.00 0.00 0.363244
4 204.00 0.00 180.00 0.00 84.00 0.00 108.00 0.00 0.104159
4 240.00 0.00 216.00 0.00 48.00 0.00 72.00 0.00 0.0329243
4 150.00 0.00 147.00 0.00 138.00 0.00 141.00 0.00 6.02623
4 216.00 0.00 192.00 0.00 72.00 0.00 96.00 0.00 0.0722832
4 204.00 0.00 192.00 0.00 84.00 0.00 96.00 0.00 0.017879
4 234.00 0.00 204.00 0.00 54.00 0.00 84.00 0.00 0.0642375
4 156.00 0.00 153.00 0.00 132.00 0.00 135.00 0.00 0.168838
4 153.00 0.00 150.00 0.00 135.00 0.00 138.00 0.00 0.690405
4 150.00 0.00 147.00 0.00 141.00 0.00 144.00 0.00 29.086
4 159.00 0.00 156.00 0.00 132.00 0.00 135.00 0.00 0.109498
4 156.00 0.00 153.00 0.00 135.00 0.00 138.00 0.00 0.253451
4 153.00 0.00 150.00 0.00 138.00 0.00 141.00 0.00 2.1007
4 162.00 0.00 156.00 0.00 132.00 0.00 138.00 0.00 0.455409
4 174.00 0.00 168.00 0.00 120.00 0.00 126.00 0.00 0.0826497
4 156.00 0.00 150.00 0.00 138.00 0.00 144.00 0.00 10.6309
4 174.00 0.00 156.00 0.00 120.00 0.00 138.00 0.00 1.84619
4 168.00 0.00 162.00 0.00 126.00 0.00 132.00 0.00 0.191381
4 192.00 0.00 162.00 0.00 102.00 0.00 132.00 0.00 1.25355
4 222.00 0.00 192.00 0.00 72.00 0.00 102.00 0.00 0.0992573
4 210.00 0.00 192.00 0.00 84.00 0.00 102.00 0.00 0.0372786
4 156.00 0.00 153.00 0.00 138.00 0.00 141.00 0.00 0.656741
4 228.00 0.00 210.00 0.00 66.00 0.00 84.00 0.00 0.0252485
4 153.00 0.00 150.00 0.00 141.00 0.00 144.00 0.00 6.33808
4 192.00 0.00 174.00 0.00 102.00 0.00 120.00 0.00 0.165634
4 162.00 0.00 159.00 0.00 132.00 0.00 135.00 0.00 0.0889352
4 159.00 0.00 156.00 0.00 135.00 0.00 138.00 0.00 0.144038
4 156.00 0.00 153.00 0.00 141.00 0.00 144.00 0.00 1.58291
4 162.00 0.00 159.00 0.00 135.00 0.00 138.00 0.00 0.111341
4 159.00 0.00 156.00 0.00 138.00 0.00 141.00 0.00 0.308345
4 153.00 0.00 150.00 0.00 144.00 0.00 147.00 0.00 27.657
4 180.00 0.00 174.00 0.00 120.00 0.00 126.00 0.00 0.0355974
4 168.00 0.00 162.00 0.00 132.00 0.00 138.00 0.00 0.300775
4 168.00 0.00 156.00 0.00 132.00 0.00 144.00 0.00 2.94977
4 174.00 0.00 168.00 0.00 126.00 0.00 132.00 0.00 0.0997588
4 174.00 0.00 162.00 0.00 126.00 0.00 138.00 0.00 0.73866
4 162.00 0.00 156.00 0.00 138.00 0.00 144.00 0.00 1.49181
4 180.00 0.00 168.00 0.00 120.00 0.00 132.00 0.00 0.266851
4 210.00 0.00 186.00 0.00 90.00 0.00 114.00 0.00 0.104985
4 198.00 0.00 186.00 0.00 102.00 0.00 114.00 0.00 0.0425002
4 198.00 0.00 174.00 0.00 102.00 0.00 126.00 0.00 0.298616
4 204.00 0.00 192.00 0.00 96.00 0.00 108.00 0.00 0.0290498
4 186.00 0.00 174.00 0.00 114.00 0.00 126.00 0.00 0.120546
4 234.00 0.00 210.00 0.00 66.00 0.00 90.00 0.00 0.0382771
4 222.00 0.00 198.00 0.00 78.00 0.00 102.00 0.00 0.0405858
4 192.00 0.00 180.00 0.00 108.00 0.00 120.00 0.00 0.0635461
4 210.00 0.00 180.00 0.00 90.00 0.00 120.00 0.00 0.211253
4 186.00 0.00 162.00 0.00 114.00 0.00 138.00 0.00 1.43919
4 186.00 0.00 168.00 0.00 114.00 0.00 132.00 0.00 0.439147
4 240.00 0.00 210.00 0.00 60.00 0.00 90.00 0.00 0.0550633
4 222.00 0.00 204.00 0.00 78.00 0.00 96.00 0.00 0.0159411
4 210.00 0.00 198.00 0.00 90.00 0.00 102.00 0.00 0.0144731
4 204.00 0.00 186.00 0.00 96.00 0.00 114.00 0.00 0.0782713
4 240.00 0.00 222.00 0.00 60.00 0.00 78.00 0.00 0.0228136
4 165.00 0.00 162.00 0.00 135.00 0.00 138.00 0.00 0.101874
4 162.00 0.00 159.00 0.00 138.00 0.00 141.00 0.00 0.211477
4 159.00 0.00 156.00 0.00 141.00 0.00 144.00 0.00 0.600797
4 156.00 0.00 153.00 0.00 144.00 0.00 147.00 0.00 4.20485
4 165.00 0.00 162.00 0.00 138.00 0.00 141.00 0.00 0.176583
4 156.00 0.00 153.00 0.00 147.00 0.00 150.00 0.00 19.0285
4 162.00 0.00 159.00 0.00 141.00 0.00 144.00 0.00 0.369171
4 159.00 0.00 156.00 0.00 144.00 0.00 147.00 0.00 1.26941
4 168.00 0.00 162.00 0.00 138.00 0.00 144.00 0.00 0.705875
4 180.00 0.00 174.00 0.00 126.00 0.00 132.00 0.00 0.0507136
4 180.00 0.00 162.00 0.00 126.00 0.00 144.00 0.00 2.01428
4 174.00 0.00 168.00 0.00 132.00 0.00 138.00 0.00 0.146479
4 162.00 0.00 156.00 0.00 144.00 0.00 150.00 0.00 6.87333
4 198.00 0.00 180.00 0.00 108.00 0.00 126.00 0.00 0.146887
4 198.00 0.00 168.00 0.00 108.00 0.00 138.00 0.00 0.955682
4 234.00 0.00 216.00 0.00 72.00 0.00 90.00 0.00 0.020738
4 228.00 0.00 198.00 0.00 78.00 0.00 108.00 0.00 0.0643821
4 159.00 0.00 156.00 0.00 147.00 0.00 150.00 0.00 3.42978
4 168.00 0.00 165.00 0.00 138.00 0.00 141.00 0.00 0.09872
4 165.00 0.00 162.00 0.00 141.00 0.00 144.00 0.00 0.281082
4 162.00 0.00 159.00 0.00 144.00 0.00 147.00 0.00 0.693476
4 216.00 0.00 198.00 0.00 90.00 0.00 108.00 0.00 0.0306034
4 168.00 0.00 165.00 0.00 141.00 0.00 144.00 0.00 0.148703
4 165.00 0.00 162.00 0.00 144.00 0.00 147.00 0.00 0.502262
4 162.00 0.00 159.00 0.00 147.00 0.00 150.00 0.00 1.44982
4 159.00 0.00 156.00 0.00 150.00 0.00 153.00 0.00 21.2099
4 174.00 0.00 168.00 0.00 138.00 0.00 144.00 0.00 0.315099
4 180.00 0.00 174.00 0.00 132.00 0.00 138.00 0.00 0.0726713
4 168.00 0.00 162.00 0.00 144.00 0.00 150.00 0.00 2.11912
4 180.00 0.00 168.00 0.00 132.00 0.00 144.00 0.00 0.667068
4 174.00 0.00 162.00 0.00 138.00 0.00 150.00 0.00 3.88187
4 192.00 0.00 174.00 0.00 120.00 0.00 138.00 0.00 0.315159
4 210.00 0.00 198.00 0.00 102.00 0.00 114.00 0.00 0.0224928
4 186.00 0.00 174.00 0.00 126.00 0.00 138.00 0.00 0.185248
4 192.00 0.00 180.00 0.00 120.00 0.00 132.00 0.00 0.0915946
4 210.00 0.00 192.00 0.00 102.00 0.00 120.00 0.00 0.0724069
4 216.00 0.00 186.00 0.00 96.00 0.00 126.00 0.00 0.197129
4 204.00 0.00 180.00 0.00 108.00 0.00 132.00 0.00 0.259307
4 168.00 0.00 165.00 0.00 144.00 0.00 147.00 0.00 0.251401
4 240.00 0.00 216.00 0.00 72.00 0.00 96.00 0.00 0.0306066
4 192.00 0.00 168.00 0.00 120.00 0.00 144.00 0.00 1.19731
4 216.00 0.00 204.00 0.00 96.00 0.00 108.00 0.00 0.00944435
4 204.00 0.00 192.00 0.00 108.00 0.00 120.00 0.00 0.0449167
4 228.00 0.00 210.00 0.00 84.00 0.00 102.00 0.00 0.0142515
4 228.00 0.00 204.00 0.00 84.00 0.00 108.00 0.00 0.0298251
4 186.00 0.00 180.00 0.00 126.00 0.00 132.00 0.00 0.0273682
4 216.00 0.00 192.00 0.00 96.00 0.00 120.00 0.00 0.0984902
4 198.00 0.00 186.00 0.00 114.00 0.00 126.00 0.00 0.0623478
4 171.00 0.00 168.00 0.00 141.00 0.00 144.00 0.00 0.117274
4 165.00 0.00 162.00 0.00 147.00 0.00 150.00 0.00 0.929955
4 162.00 0.00 159.00 0.00 150.00 0.00 153.00 0.00 4.07735
4 168.00 0.00 165.00 0.00 147.00 0.00 150.00 0.00 0.434278
4 171.00 0.00 168.00 0.00 144.00 0.00 147.00 0.00 0.173965
4 165.00 0.00 162.00 0.00 150.00 0.00 153.00 0.00 1.81896
4 162.00 0.00 159.00 0.00 153.00 0.00 156.00 0.00 36.4434
4 168.00 0.00 162.00 0.00 150.00 0.00 156.00 0.00 10.6295
4 174.00 0.00 168.00 0.00 144.00 0.00 150.00 0.00 0.74232
4 180.00 0.00 174.00 0.00 138.00 0.00 144.00 0.00 0.131554
4 186.00 0.00 180.00 0.00 132.00 0.00 138.00 0.00 0.0349651
4 186.00 0.00 168.00 0.00 132.00 0.00 150.00 0.00 1.91167
4 165.00 0.00 162.00 0.00 153.00 0.00 156.00 0.00 6.47971
4 168.00 0.00 165.00 0.00 150.00 0.00 153.00 0.00 0.712405
4 204.00 0.00 174.00 0.00 114.00 0.00 144.00 0.00 0.821667
4 174.00 0.00 171.00 0.00 144.00 0.00 147.00 0.00 0.111106
4 222.00 0.00 204.00 0.00 96.00 0.00 114.00 0.00 0.0227478
4 234.00 0.00 204.00 0.00 84.00 0.00 114.00 0.00 0.049741
4 240.00 0.00 222.00 0.00 78.00 0.00 96.00 0.00 0.0130368
4 204.00 0.00 186.00 0.00 114.00 0.00 132.00 0.00 0.137381
4 171.00 0.00 168.00 0.00 147.00 0.00 150.00 0.00 0.27964
4 171.00 0.00 168.00 0.00 150.00 0.00 153.00 0.00 0.439203
4 174.00 0.00 171.00 0.00 147.00 0.00 150.00 0.00 0.176417
4 168.00 0.00 165.00 0.00 153.00 0.00 156.00 0.00 1.63905
4 165.00 0.00 162.00 0.00 156.00 0.00 159.00 0.00 39.896
4 174.00 0.00 168.00 0.00 150.00 0.00 156.00 0.00 1.8951
4 180.00 0.00 174.00 0.00 144.00 0.00 150.00 0.00 0.284703
4 180.00 0.00 168.00 0.00 144.00 0.00 156.00 0.00 3.4854
4 186.00 0.00 174.00 0.00 138.00 0.00 150.00 0.00 0.605545
4 192.00 0.00 180.00 0.00 132.00 0.00 144.00 0.00 0.174094
4 198.00 0.00 186.00 0.00 126.00 0.00 138.00 0.00 0.0888118
4 222.00 0.00 198.00 0.00 102.00 0.00 126.00 0.00 0.0770202
4 186.00 0.00 180.00 0.00 138.00 0.00 144.00 0.00 0.0623181
4 222.00 0.00 192.00 0.00 102.00 0.00 132.00 0.00 0.172367
4 216.00 0.00 204.00 0.00 108.00 0.00 120.00 0.00 0.0141456
4 234.00 0.00 216.00 0.00 90.00 0.00 108.00 0.00 0.0160949
4 198.00 0.00 180.00 0.00 126.00 0.00 144.00 0.00 0.305535
4 222.00 0.00 210.00 0.00 102.00 0.00 114.00 0.00 0.00959877
4 210.00 0.00 198.00 0.00 114.00 0.00 126.00 0.00 0.0318621
4 210.00 0.00 186.00 0.00 114.00 0.00 138.00 0.00 0.226804
4 216.00 0.00 198.00 0.00 108.00 0.00 126.00 0.00 0.0547815
4 192.00 0.00 186.00 0.00 132.00 0.00 138.00 0.00 0.0267975
4 204.00 0.00 192.00 0.00 120.00 0.00 132.00 0.00 0.0596405
4 198.00 0.00 174.00 0.00 126.00 0.00 150.00 0.00 1.12316
4 177.00 0.00 174.00 0.00 147.00 0.00 150.00 0.00 0.0987949
4 174.00 0.00 171.00 0.00 150.00 0.00 153.00 0.00 0.246976
4 171.00 0.00 168.00 0.00 153.00 0.00 156.00 0.00 0.814581
4 168.00 0.00 165.00 0.00 156.00 0.00 159.00 0.00 5.33644
4 234.00 0.00 210.00 0.00 90.00 0.00 114.00 0.00 0.0313158
4 177.00 0.00 174.00 0.00 150.00 0.00 153.00 0.00 0.135617
4 168.00 0.00 165.00 0.00 159.00 0.00 162.00 0.00 24.3897
4 174.00 0.00 171.00 0.00 153.00 0.00 156.00 0.00 0.39136
4 171.00 0.00 168.00 0.00 156.00 0.00 159.00 0.00 1.98482
4 174.00 0.00 168.00 0.00 156.00 0.00 162.00 0.00 10.1729
4 180.00 0.00 174.00 0.00 150.00 0.00 156.00 0.00 0.565837
4 186.00 0.00 180.00 0.00 144.00 0.00 150.00 0.00 0.127322
4 192.00 0.00 186.00 0.00 138.00 0.00 144.00 0.00 0.0503364
4 228.00 0.00 210.00 0.00 102.00 0.00 120.00 0.00 0.023563
4 192.00 0.00 174.00 0.00 138.00 0.00 156.00 0.00 1.67765
4 177.00 0.00 174.00 0.00 153.00 0.00 156.00 0.00 0.200564
4 240.00 0.00 210.00 0.00 90.00 0.00 120.00 0.00 0.0494678
4 210.00 0.00 180.00 0.00 120.00 0.00 150.00 0.00 0.805385
4 210.00 0.00 192.00 0.00 120.00 0.00 138.00 0.00 0.117205
4 174.00 0.00 171.00 0.00 156.00 0.00 159.00 0.00 0.769948
4 180.00 0.00 177.00 0.00 150.00 0.00 153.00 0.00 0.0946383
4 171.00 0.00 168.00 0.00 159.00 0.00 162.00 0.00 5.67457
4 174.00 0.00 171.00 0.00 159.00 0.00 162.00 0.00 1.7237
4 177.00 0.00 174.00 0.00 156.00 0.00 159.00 0.00 0.359899
4 171.00 0.00 168.00 0.00 162.00 0.00 165.00 0.00 30.0674
4 180.00 0.00 177.00 0.00 153.00 0.00 156.00 0.00 0.133768
4 180.00 0.00 174.00 0.00 156.00 0.00 162.00 0.00 1.74454
4 180.00 0.00 177.00 0.00 156.00 0.00 159.00 0.00 0.2282
4 222.00 0.00 204.00 0.00 114.00 0.00 132.00 0.00 0.035559
4 186.00 0.00 180.00 0.00 150.00 0.00 156.00 0.00 0.228152
4 186.00 0.00 174.00 0.00 150.00 0.00 162.00 0.00 3.098
4 192.00 0.00 180.00 0.00 144.00 0.00 156.00 0.00 0.585592
4 222.00 0.00 210.00 0.00 114.00 0.00 126.00 0.00 0.0129408
4 216.00 0.00 204.00 0.00 120.00 0.00 132.00 0.00 0.0178129
4 204.00 0.00 186.00 0.00 132.00 0.00 150.00 0.00 0.382671
4 210.00 0.00 198.00 0.00 126.00 0.00 138.00 0.00 0.0428859
4 228.00 0.00 204.00 0.00 108.00 0.00 132.00 0.00 0.056573
4 228.00 0.00 216.00 0.00 108.00 0.00 120.00 0.00 0.0105324
4 216.00 0.00 192.00 0.00 120.00 0.00 144.00 0.00 0.218265
4 204.00 0.00 192.00 0.00 132.00 0.00 144.00 0.00 0.107817
4 198.00 0.00 192.00 0.00 138.00 0.00 144.00 0.00 0.0405427
4 240.00 0.00 216.00 0.00 96.00 0.00 120.00 0.00 0.0321358
4 228.00 0.00 198.00 0.00 108.00 0.00 138.00 0.00 0.137815
4 240.00 0.00 222.00 0.00 96.00 0.00 114.00 0.00 0.0169942
4 198.00 0.00 186.00 0.00 138.00 0.00 150.00 0.00 0.244235
4 192.00 0.00 186.00 0.00 144.00 0.00 150.00 0.00 0.0871423
4 177.00 0.00 174.00 0.00 159.00 0.00 162.00 0.00 0.722196
4 204.00 0.00 180.00 0.00 132.00 0.00 156.00 0.00 1.14304
4 174.00 0.00 171.00 0.00 162.00 0.00 165.00 0.00 5.74684
4 183.00 0.00 180.00 0.00 153.00 0.00 156.00 0.00 0.0758381
4 177.00 0.00 174.00 0.00 162.00 0.00 165.00 0.00 1.98093
4 180.00 0.00 177.00 0.00 159.00 0.00 162.00 0.00 0.431085
4 174.00 0.00 171.00 0.00 165.00 0.00 168.00 0.00 17.1745
4 183.00 0.00 180.00 0.00 156.00 0.00 159.00 0.00 0.119886
4 180.00 0.00 174.00 0.00 162.00 0.00 168.00 0.00 8.96457
4 198.00 0.00 192.00 0.00 144.00 0.00 150.00 0.00 0.065455
4 198.00 0.00 180.00 0.00 144.00 0.00 162.00 0.00 1.80112
4 186.00 0.00 180.00 0.00 156.00 0.00 162.00 0.00 0.563556
4 180.00 0.00 177.00 0.00 162.00 0.00 165.00 0.00 1.06624
4 192.00 0.00 186.00 0.00 150.00 0.00 156.00 0.00 0.142272
4 234.00 0.00 216.00 0.00 108.00 0.00 126.00 0.00 0.0238539
4 216.00 0.00 198.00 0.00 126.00 0.00 144.00 0.00 0.0997375
4 216.00 0.00 186.00 0.00 126.00 0.00 156.00 0.00 0.853596
4 177.00 0.00 174.00 0.00 165.00 0.00 168.00 0.00 4.0329
4 186.00 0.00 183.00 0.00 156.00 0.00 159.00 0.00 0.0857483
4 183.00 0.00 180.00 0.00 159.00 0.00 162.00 0.00 0.213061
4 180.00 0.00 177.00 0.00 165.00 0.00 168.00 0.00 1.88657
4 177.00 0.00 174.00 0.00 168.00 0.00 171.00 0.00 18.0165
4 186.00 0.00 183.00 0.00 159.00 0.00 162.00 0.00 0.145173
4 183.00 0.00 180.00 0.00 162.00 0.00 165.00 0.00 0.475876
4 234.00 0.00 210.00 0.00 114.00 0.00 138.00 0.00 0.0553086
4 192.00 0.00 180.00 0.00 156.00 0.00 168.00 0.00 3.70492
4 216.00 0.00 204.00 0.00 132.00 0.00 144.00 0.00 0.0326303
4 228.00 0.00 216.00 0.00 120.00 0.00 132.00 0.00 0.01282
4 198.00 0.00 192.00 0.00 150.00 0.00 156.00 0.00 0.100305
4 234.00 0.00 204.00 0.00 114.00 0.00 144.00 0.00 0.117605
4 228.00 0.00 210.00 0.00 120.00 0.00 138.00 0.00 0.0339592
4 192.00 0.00 186.00 0.00 156.00 0.00 162.00 0.00 0.304662
4 186.00 0.00 180.00 0.00 162.00 0.00 168.00 0.00 1.98657
4 234.00 0.00 222.00 0.00 114.00 0.00 126.00 0.00 0.0106135
4 180.00 0.00 177.00 0.00 168.00 0.00 171.00 0.00 6.21274
4 222.00 0.00 210.00 0.00 126.00 0.00 138.00 0.00 0.0159106
4 222.00 0.00 198.00 0.00 126.00 0.00 150.00 0.00 0.197358
4 198.00 0.00 186.00 0.00 150.00 0.00 162.00 0.00 0.729578
4 210.00 0.00 186.00 0.00 138.00 0.00 162.00 0.00 1.31588
4 210.00 0.00 192.00 0.00 138.00 0.00 156.00 0.00 0.397398
4 210.00 0.00 198.00 0.00 138.00 0.00 150.00 0.00 0.102403
4 204.00 0.00 198.00 0.00 144.00 0.00 150.00 0.00 0.0444191
4 204.00 0.00 192.00 0.00 144.00 0.00 156.00 0.00 0.275102
4 189.00 0.00 186.00 0.00 159.00 0.00 162.00 0.00 0.116815
4 186.00 0.00 183.00 0.00 162.00 0.00 165.00 0.00 0.30716
4 183.00 0.00 180.00 0.00 165.00 0.00 168.00 0.00 0.749794
4 180.00 0.00 177.00 0.00 171.00 0.00 174.00 0.00 22.3105
4 186.00 0.00 183.00 0.00 165.00 0.00 168.00 0.00 0.452577
4 189.00 0.00 186.00 0.00 162.00 0.00 165.00 0.00 0.231795
4 183.00 0.00 180.00 0.00 168.00 0.00 171.00 0.00 2.01502
4 186.00 0.00 180.00 0.00 168.00 0.00 174.00 0.00 11.3124
4 192.00 0.00 186.00 0.00 162.00 0.00 168.00 0.00 0.849425
4 198.00 0.00 192.00 0.00 156.00 0.00 162.00 0.00 0.181419
4 222.00 0.00 192.00 0.00 132.00 0.00 162.00 0.00 0.893699
4 240.00 0.00 222.00 0.00 114.00 0.00 132.00 0.00 0.0250019
4 204.00 0.00 198.00 0.00 150.00 0.00 156.00 0.00 0.0643255
4 204.00 0.00 186.00 0.00 150.00 0.00 168.00 0.00 2.36111
4 222.00 0.00 204.00 0.00 132.00 0.00 150.00 0.00 0.0821535
4 186.00 0.00 183.00 0.00 168.00 0.00 171.00 0.00 1.08437
4 183.00 0.00 180.00 0.00 171.00 0.00 174.00 0.00 5.53424
4 192.00 0.00 189.00 0.00 162.00 0.00 165.00 0.00 0.132068
4 189.00 0.00 186.00 0.00 165.00 0.00 168.00 0.00 0.318708
4 183.00 0.00 180.00 0.00 174.00 0.00 177.00 0.00 14.347
4 192.00 0.00 189.00 0.00 165.00 0.00 168.00 0.00 0.167455
4 186.00 0.00 183.00 0.00 171.00 0.00 174.00 0.00 2.66787
4 189.00 0.00 186.00 0.00 168.00 0.00 171.00 0.00 0.69298
4 240.00 0.00 228.00 0.00 120.00 0.00 132.00 0.00 0.011478
4 198.00 0.00 192.00 0.00 162.00 0.00 168.00 0.00 0.392826
4 204.00 0.00 192.00 0.00 156.00 0.00 168.00 0.00 0.900039
4 216.00 0.00 204.00 0.00 144.00 0.00 156.00 0.00 0.0692857
4 228.00 0.00 204.00 0.00 132.00 0.00 156.00 0.00 0.168081
4 204.00 0.00 198.00 0.00 156.00 0.00 162.00 0.00 0.110539
4 192.00 0.00 186.00 0.00 168.00 0.00 174.00 0.00 3.2918
4 240.00 0.00 210.00 0.00 120.00 0.00 150.00 0.00 0.130625
4 228.00 0.00 216.00 0.00 132.00 0.00 144.00 0.00 0.0221976
4 240.00 0.00 216.00 0.00 120.00 0.00 144.00 0.00 0.0648025
4 198.00 0.00 186.00 0.00 162.00 0.00 174.00 0.00 5.49404
4 234.00 0.00 222.00 0.00 126.00 0.00 138.00 0.00 0.0146116
4 216.00 0.00 198.00 0.00 144.00 0.00 162.00 0.00 0.355518
4 210.00 0.00 198.00 0.00 150.00 0.00 162.00 0.00 0.240121
4 210.00 0.00 204.00 0.00 150.00 0.00 156.00 0.00 0.0239449
4 234.00 0.00 216.00 0.00 126.00 0.00 144.00 0.00 0.0422134
4 216.00 0.00 192.00 0.00 144.00 0.00 168.00 0.00 1.42877
4 222.00 0.00 210.00 0.00 138.00 0.00 150.00 0.00 0.0353998
4 195.00 0.00 192.00 0.00 165.00 0.00 168.00 0.00 0.123146
4 192.00 0.00 189.00 0.00 168.00 0.00 171.00 0.00 0.324797
4 189.00 0.00 186.00 0.00 171.00 0.00 174.00 0.00 1.58398
4 186.00 0.00 183.00 0.00 174.00 0.00 177.00 0.00 5.24562
4 195.00 0.00 192.00 0.00 168.00 0.00 171.00 0.00 0.207909
4 186.00 0.00 183.00 0.00 177.00 0.00 180.00 0.00 19.886
4 192.00 0.00 189.00 0.00 171.00 0.00 174.00 0.00 0.684872
4 189.00 0.00 186.00 0.00 174.00 0.00 177.00 0.00 2.75678
4 210.00 0.00 192.00 0.00 156.00 0.00 174.00 0.00 2.52385
4 198.00 0.00 192.00 0.00 168.00 0.00 174.00 0.00 0.963329
4 228.00 0.00 198.00 0.00 138.00 0.00 168.00 0.00 0.895486
4 228.00 0.00 210.00 0.00 138.00 0.00 156.00 0.00 0.0936768
4 210.00 0.00 204.00 0.00 156.00 0.00 162.00 0.00 0.0411797
4 204.00 0.00 198.00 0.00 162.00 0.00 168.00 0.00 0.215052
4 192.00 0.00 186.00 0.00 174.00 0.00 180.00 0.00 13.5981
4 189.00 0.00 186.00 0.00 177.00 0.00 180.00 0.00 7.27099
4 198.00 0.00 195.00 0.00 168.00 0.00 171.00 0.00 0.13365
4 195.00 0.00 192.00 0.00 171.00 0.00 174.00 0.00 0.389574
4 192.00 0.00 189.00 0.00 174.00 0.00 177.00 0.00 1.08726
4 198.00 0.00 195.00 0.00 171.00 0.00 174.00 0.00 0.232184
4 195.00 0.00 192.00 0.00 174.00 0.00 177.00 0.00 0.552574
4 192.00 0.00 189.00 0.00 177.00 0.00 180.00 0.00 2.45837
4 189.00 0.00 186.00 0.00 180.00 0.00 183.00 0.00 20.8924
4 204.00 0.00 198.00 0.00 168.00 0.00 174.00 0.00 0.41694
4 222.00 0.00 198.00 0.00 150.00 0.00 174.00 0.00 1.32797
4 240.00 0.00 228.00 0.00 132.00 0.00 144.00 0.00 0.0174425
4 210.00 0.00 204.00 0.00 162.00 0.00 168.00 0.00 0.076021
4 222.00 0.00 210.00 0.00 150.00 0.00 162.00 0.00 0.0721598
4 210.00 0.00 198.00 0.00 162.00 0.00 174.00 0.00 0.836582
4 240.00 0.00 222.00 0.00 132.00 0.00 150.00 0.00 0.0534646
4 234.00 0.00 222.00 0.00 138.00 0.00 150.00 0.00 0.0320327
4 222.00 0.00 204.00 0.00 150.00 0.00 168.00 0.00 0.289067
4 204.00 0.00 192.00 0.00 168.00 0.00 180.00 0.00 4.64595
4 216.00 0.00 210.00 0.00 156.00 0.00 162.00 0.00 0.025471
4 198.00 0.00 192.00 0.00 174.00 0.00 180.00 0.00 2.46875
4 216.00 0.00 204.00 0.00 156.00 0.00 168.00 0.00 0.185252
4 234.00 0.00 210.00 0.00 138.00 0.00 162.00 0.00 0.198296
4 228.00 0.00 216.00 0.00 144.00 0.00 156.00 0.00 0.0438433
4 198.00 0.00 195.00 0.00 174.00 0.00 177.00 0.00 0.302173
4 192.00 0.00 189.00 0.00 180.00 0.00 183.00 0.00 5.07524
4 201.00 0.00 198.00 0.00 171.00 0.00 174.00 0.00 0.162424
4 195.00 0.00 192.00 0.00 177.00 0.00 180.00 0.00 1.08404
4 198.00 0.00 195.00 0.00 177.00 0.00 180.00 0.00 0.52512
4 201.00 0.00 198.00 0.00 174.00 0.00 177.00 0.00 0.199249
4 195.00 0.00 192.00 0.00 180.00 0.00 183.00 0.00 1.89799
4 192.00 0.00 189.00 0.00 183.00 0.00 186.00 0.00 20.2895
4 216.00 0.00 210.00 0.00 162.00 0.00 168.00 0.00 0.0428433
4 198.00 0.00 192.00 0.00 180.00 0.00 186.00 0.00 9.65823
4 210.00 0.00 204.00 0.00 168.00 0.00 174.00 0.00 0.126753
4 234.00 0.00 204.00 0.00 144.00 0.00 174.00 0.00 0.762338
4 204.00 0.00 198.00 0.00 174.00 0.00 180.00 0.00 0.797616
4 216.00 0.00 198.00 0.00 162.00 0.00 180.00 0.00 2.02888
4 234.00 0.00 216.00 0.00 144.00 0.00 162.00 0.00 0.117729
4 195.00 0.00 192.00 0.00 183.00 0.00 186.00 0.00 5.22643
4 198.00 0.00 195.00 0.00 180.00 0.00 183.00 0.00 0.819296
4 204.00 0.00 201.00 0.00 174.00 0.00 177.00 0.00 0.10873
4 201.00 0.00 198.00 0.00 177.00 0.00 180.00 0.00 0.322673
4 201.00 0.00 198.00 0.00 180.00 0.00 183.00 0.00 0.464068
4 198.00 0.00 195.00 0.00 183.00 0.00 186.00 0.00 1.73452
4 204.00 0.00 201.00 0.00 177.00 0.00 180.00 0.00 0.167564
4 195.00 0.00 192.00 0.00 186.00 0.00 189.00 0.00 29.5274
4 210.00 0.00 198.00 0.00 174.00 0.00 186.00 0.00 3.35374
4 234.00 0.00 222.00 0.00 150.00 0.00 162.00 0.00 0.0580514
4 228.00 0.00 204.00 0.00 156.00 0.00 180.00 0.00 0.943725
4 240.00 0.00 216.00 0.00 144.00 0.00 168.00 0.00 0.25338
4 222.00 0.00 216.00 0.00 162.00 0.00 168.00 0.00 0.0332371
4 228.00 0.00 210.00 0.00 156.00 0.00 174.00 0.00 0.31469
4 228.00 0.00 216.00 0.00 156.00 0.00 168.00 0.00 0.101025
4 216.00 0.00 210.00 0.00 168.00 0.00 174.00 0.00 0.0632453
4 204.00 0.00 198.00 0.00 180.00 0.00 186.00 0.00 1.94207
4 222.00 0.00 210.00 0.00 162.00 0.00 174.00 0.00 0.181298
4 216.00 0.00 204.00 0.00 168.00 0.00 180.00 0.00 0.481066
4 210.00 0.00 204.00 0.00 174.00 0.00 180.00 0.00 0.206857
4 240.00 0.00 228.00 0.00 144.00 0.00 156.00 0.00 0.0340303
4 198.00 0.00 195.00 0.00 186.00 0.00 189.00 0.00 6.3623
4 207.00 0.00 204.00 0.00 177.00 0.00 180.00 0.00 0.0762701
4 204.00 0.00 201.00 0.00 180.00 0.00 183.00 0.00 0.229958
4 201.00 0.00 198.00 0.00 183.00 0.00 186.00 0.00 0.861749
4 207.00 0.00 204.00 0.00 180.00 0.00 183.00 0.00 0.0995059
4 198.00 0.00 195.00 0.00 189.00 0.00 192.00 0.00 22.7989
4 201.00 0.00 198.00 0.00 186.00 0.00 189.00 0.00 2.47596
4 204.00 0.00 201.00 0.00 183.00 0.00 186.00 0.00 0.392366
4 222.00 0.00 204.00 0.00 168.00 0.00 186.00 0.00 1.18408
4 222.00 0.00 216.00 0.00 168.00 0.00 174.00 0.00 0.0412999
4 240.00 0.00 222.00 0.00 150.00 0.00 168.00 0.00 0.15474
4 210.00 0.00 204.00 0.00 180.00 0.00 186.00 0.00 0.407776
4 216.00 0.00 210.00 0.00 174.00 0.00 180.00 0.00 0.0840931
4 204.00 0.00 198.00 0.00 186.00 0.00 192.00 0.00 12.1882
4 240.00 0.00 210.00 0.00 150.00 0.00 180.00 0.00 0.740573
4 207.00 0.00 204.00 0.00 183.00 0.00 186.00 0.00 0.160171
4 201.00 0.00 198.00 0.00 189.00 0.00 192.00 0.00 6.59063
4 204.00 0.00 201.00 0.00 186.00 0.00 189.00 0.00 0.96761
4 210.00 0.00 207.00 0.00 180.00 0.00 183.00 0.00 0.0597206
4 204.00 0.00 201.00 0.00 189.00 0.00 192.00 0.00 2.17168
4 207.00 0.00 204.00 0.00 186.00 0.00 189.00 0.00 0.350253
4 201.00 0.00 198.00 0.00 192.00 0.00 195.00 0.00 29.3523
4 210.00 0.00 207.00 0.00 183.00 0.00 186.00 0.00 0.0887925
4 228.00 0.00 222.00 0.00 168.00 0.00 174.00 0.00 0.0397635
4 234.00 0.00 210.00 0.00 162.00 0.00 186.00 0.00 0.826907
4 240.00 0.00 228.00 0.00 156.00 0.00 168.00 0.00 0.0738915
4 234.00 0.00 216.00 0.00 162.00 0.00 180.00 0.00 0.332351
4 222.00 0.00 210.00 0.00 174.00 0.00 186.00 0.00 0.337384
4 216.00 0.00 204.00 0.00 180.00 0.00 192.00 0.00 2.45164
4 216.00 0.00 210.00 0.00 180.00 0.00 186.00 0.00 0.136655
4 210.00 0.00 204.00 0.00 186.00 0.00 192.00 0.00 1.52583
4 234.00 0.00 222.00 0.00 162.00 0.00 174.00 0.00 0.126302
4 222.00 0.00 216.00 0.00 174.00 0.00 180.00 0.00 0.0506799
4 228.00 0.00 216.00 0.00 168.00 0.00 180.00 0.00 0.176868
4 210.00 0.00 207.00 0.00 186.00 0.00 189.00 0.00 0.176399
4 204.00 0.00 201.00 0.00 192.00 0.00 195.00 0.00 7.20387
4 213.00 0.00 210.00 0.00 183.00 0.00 186.00 0.00 0.0482072
4 207.00 0.00 204.00 0.00 189.00 0.00 192.00 0.00 0.687584
4 207.00 0.00 204.00 0.00 192.00 0.00 195.00 0.00 1.9316
4 210.00 0.00 207.00 0.00 189.00 0.00 192.00 0.00 0.31128
4 204.00 0.00 201.00 0.00 195.00 0.00 198.00 0.00 26.92
4 213.00 0.00 210.00 0.00 186.00 0.00 189.00 0.00 0.0896975
4 216.00 0.00 210.00 0.00 186.00 0.00 192.00 0.00 0.381786
4 228.00 0.00 222.00 0.00 174.00 0.00 180.00 0.00 0.044249
4 228.00 0.00 210.00 0.00 174.00 0.00 192.00 0.00 1.07254
4 210.00 0.00 204.00 0.00 192.00 0.00 198.00 0.00 9.20419
4 222.00 0.00 216.00 0.00 180.00 0.00 186.00 0.00 0.066769
4 213.00 0.00 210.00 0.00 189.00 0.00 192.00 0.00 0.14719
4 210.00 0.00 207.00 0.00 192.00 0.00 195.00 0.00 0.768626
4 207.00 0.00 204.00 0.00 195.00 0.00 198.00 0.00 4.90894
4 216.00 0.00 213.00 0.00 186.00 0.00 189.00 0.00 0.0574429
4 216.00 0.00 213.00 0.00 189.00 0.00 192.00 0.00 0.0877024
4 210.00 0.00 207.00 0.00 195.00 0.00 198.00 0.00 1.58656
4 213.00 0.00 210.00 0.00 192.00 0.00 195.00 0.00 0.331118
4 207.00 0.00 204.00 0.00 198.00 0.00 201.00 0.00 29.4214
4 240.00 0.00 216.00 0.00 168.00 0.00 192.00 0.00 0.858089
4 216.00 0.00 210.00 0.00 192.00 0.00 198.00 0.00 1.42569
4 228.00 0.00 222.00 0.00 180.00 0.00 186.00 0.00 0.0578204
4 234.00 0.00 228.00 0.00 174.00 0.00 180.00 0.00 0.0376307
4 240.00 0.00 228.00 0.00 168.00 0.00 180.00 0.00 0.114912
4 228.00 0.00 216.00 0.00 180.00 0.00 192.00 0.00 0.376872
4 222.00 0.00 216.00 0.00 186.00 0.00 192.00 0.00 0.145581
4 234.00 0.00 222.00 0.00 174.00 0.00 186.00 0.00 0.1817
4 240.00 0.00 222.00 0.00 168.00 0.00 186.00 0.00 0.326532
4 222.00 0.00 210.00 0.00 186.00 0.00 198.00 0.00 2.34078
4 219.00 0.00 216.00 0.00 189.00 0.00 192.00 0.00 0.0452037
4 210.00 0.00 207.00 0.00 198.00 0.00 201.00 0.00 6.06193
4 216.00 0.00 213.00 0.00 192.00 0.00 195.00 0.00 0.180984
4 213.00 0.00 210.00 0.00 195.00 0.00 198.00 0.00 0.609378
4 210.00 0.00 207.00 0.00 201.00 0.00 204.00 0.00 31.889
4 219.00 0.00 216.00 0.00 192.00 0.00 195.00 0.00 0.087689
4 216.00 0.00 213.00 0.00 195.00 0.00 198.00 0.00 0.303176
4 213.00 0.00 210.00 0.00 198.00 0.00 201.00 0.00 1.88113
4 228.00 0.00 222.00 0.00 186.00 0.00 192.00 0.00 0.107586
4 216.00 0.00 210.00 0.00 198.00 0.00 204.00 0.00 10.746
4 234.00 0.00 228.00 0.00 180.00 0.00 186.00 0.00 0.0416508
4 222.00 0.00 216.00 0.00 192.00 0.00 198.00 0.00 0.39059
4 234.00 0.00 216.00 0.00 180.00 0.00 198.00 0.00 1.27766
4 216.00 0.00 213.00 0.00 198.00 0.00 201.00 0.00 0.797564
4 213.00 0.00 210.00 0.00 201.00 0.00 204.00 0.00 6.0407
4 222.00 0.00 219.00 0.00 192.00 0.00 195.00 0.00 0.0700272
4 219.00 0.00 216.00 0.00 195.00 0.00 198.00 0.00 0.131636
4 216.00 0.00 213.00 0.00 201.00 0.00 204.00 0.00 1.99394
4 213.00 0.00 210.00 0.00 204.00 0.00 207.00 0.00 26.1994
4 219.00 0.00 216.00 0.00 198.00 0.00 201.00 0.00 0.301614
4 222.00 0.00 219.00 0.00 195.00 0.00 198.00 0.00 0.100025
4 222.00 0.00 216.00 0.00 198.00 0.00 204.00 0.00 1.53165
4 234.00 0.00 228.00 0.00 186.00 0.00 192.00 0.00 0.0744636
4 240.00 0.00 228.00 0.00 180.00 0.00 192.00 0.00 0.189421
4 228.00 0.00 216.00 0.00 192.00 0.00 204.00 0.00 2.84695
4 240.00 0.00 234.00 0.00 180.00 0.00 186.00 0.00 0.0273555
4 228.00 0.00 222.00 0.00 192.00 0.00 198.00 0.00 0.241147
4 234.00 0.00 222.00 0.00 186.00 0.00 198.00 0.00 0.576136
4 219.00 0.00 216.00 0.00 201.00 0.00 204.00 0.00 0.632993
4 225.00 0.00 222.00 0.00 195.00 0.00 198.00 0.00 0.0755112
4 222.00 0.00 219.00 0.00 198.00 0.00 201.00 0.00 0.208072
4 216.00 0.00 213.00 0.00 204.00 0.00 207.00 0.00 5.73439
4 225.00 0.00 222.00 0.00 198.00 0.00 201.00 0.00 0.143876
4 222.00 0.00 219.00 0.00 201.00 0.00 204.00 0.00 0.382736
4 216.00 0.00 213.00 0.00 207.00 0.00 210.00 0.00 29.4441
4 219.00 0.00 216.00 0.00 204.00 0.00 207.00 0.00 1.42672
4 228.00 0.00 222.00 0.00 198.00 0.00 204.00 0.00 0.685186
4 234.00 0.00 228.00 0.00 192.00 0.00 198.00 0.00 0.154791
4 240.00 0.00 222.00 0.00 186.00 0.00 204.00 0.00 1.9645
4 240.00 0.00 234.00 0.00 186.00 0.00 192.00 0.00 0.0455102
4 222.00 0.00 216.00 0.00 204.00 0.00 210.00 0.00 8.53571
4 219.00 0.00 216.00 0.00 207.00 0.00 210.00 0.00 4.48335
4 228.00 0.00 225.00 0.00 198.00 0.00 201.00 0.00 0.111254
4 225.00 0.00 222.00 0.00 201.00 0.00 204.00 0.00 0.246525
4 222.00 0.00 219.00 0.00 204.00 0.00 207.00 0.00 0.730173
4 228.00 0.00 225.00 0.00 201.00 0.00 204.00 0.00 0.180091
4 225.00 0.00 222.00 0.00 204.00 0.00 207.00 0.00 0.422279
4 222.00 0.00 219.00 0.00 207.00 0.00 210.00 0.00 1.87906
4 219.00 0.00 216.00 0.00 210.00 0.00 213.00 0.00 23.1757
4 234.00 0.00 222.00 0.00 198.00 0.00 210.00 0.00 4.18996
4 228.00 0.00 222.00 0.00 204.00 0.00 210.00 0.00 2.15004
4 240.00 0.00 228.00 0.00 192.00 0.00 204.00 0.00 0.810812
4 234.00 0.00 228.00 0.00 198.00 0.00 204.00 0.00 0.372646
4 240.00 0.00 234.00 0.00 192.00 0.00 198.00 0.00 0.0904945
4 228.00 0.00 225.00 0.00 204.00 0.00 207.00 0.00 0.290146
4 231.00 0.00 228.00 0.00 201.00 0.00 204.00 0.00 0.133454
4 225.00 0.00 222.00 0.00 207.00 0.00 210.00 0.00 0.867927
4 222.00 0.00 219.00 0.00 210.00 0.00 213.00 0.00 5.48014
4 231.00 0.00 228.00 0.00 204.00 0.00 207.00 0.00 0.204
4 225.00 0.00 222.00 0.00 210.00 0.00 213.00 0.00 2.03872
4 228.00 0.00 225.00 0.00 207.00 0.00 210.00 0.00 0.573662
4 222.00 0.00 219.00 0.00 213.00 0.00 216.00 0.00 29.3402
4 228.00 0.00 222.00 0.00 210.00 0.00 216.00 0.00 12.1945
4 240.00 0.00 234.00 0.00 198.00 0.00 204.00 0.00 0.192995
4 234.00 0.00 228.00 0.00 204.00 0.00 210.00 0.00 0.980533
4 228.00 0.00 225.00 0.00 210.00 0.00 213.00 0.00 1.17058
4 234.00 0.00 231.00 0.00 204.00 0.00 207.00 0.00 0.13826
4 225.00 0.00 222.00 0.00 213.00 0.00 216.00 0.00 6.19623
4 231.00 0.00 228.00 0.00 207.00 0.00 210.00 0.00 0.386293
4 231.00 0.00 228.00 0.00 210.00 0.00 213.00 0.00 0.732
4 228.00 0.00 225.00 0.00 213.00 0.00 216.00 0.00 2.79698
4 234.00 0.00 231.00 0.00 207.00 0.00 210.00 0.00 0.253244
4 225.00 0.00 222.00 0.00 216.00 0.00 219.00 0.00 25.2299
4 240.00 0.00 234.00 0.00 204.00 0.00 210.00 0.00 0.427038
4 240.00 0.00 228.00 0.00 204.00 0.00 216.00 0.00 6.34224
4 234.00 0.00 228.00 0.00 210.00 0.00 216.00 0.00 3.63562
4 228.00 0.00 225.00 0.00 216.00 0.00 219.00 0.00 6.17542
4 237.00 0.00 234.00 0.00 207.00 0.00 210.00 0.00 0.162229
4 234.00 0.00 231.00 0.00 210.00 0.00 213.00 0.00 0.451732
4 231.00 0.00 228.00 0.00 213.00 0.00 216.00 0.00 1.56145
4 228.00 0.00 225.00 0.00 219.00 0.00 222.00 0.00 33.2113
4 237.00 0.00 234.00 0.00 210.00 0.00 213.00 0.00 0.278492
4 234.00 0.00 231.00 0.00 213.00 0.00 216.00 0.00 0.891929
4 231.00 0.00 228.00 0.00 216.00 0.00 219.00 0.00 2.75088
4 234.00 0.00 228.00 0.00 216.00 0.00 222.00 0.00 15.2994
4 240.00 0.00 234.00 0.00 210.00 0.00 216.00 0.00 1.29818
4 231.00 0.00 228.00 0.00 219.00 0.00 222.00 0.00 8.12703
4 234.00 0.00 231.00 0.00 216.00 0.00 219.00 0.00 1.37766
4 237.00 0.00 234.00 0.00 213.00 0.00 216.00 0.00 0.519164
4 240.00 0.00 237.00 0.00 210.00 0.00 213.00 0.00 0.179029
4 234.00 0.00 231.00 0.00 219.00 0.00 222.00 0.00 3.03403
4 237.00 0.00 234.00 0.00 216.00 0.00 219.00 0.00 0.737285
4 240.00 0.00 237.00 0.00 213.00 0.00 216.00 0.00 0.321618
4 231.00 0.00 228.00 0.00 222.00 0.00 225.00 0.00 35.829
4 240.00 0.00 234.00 0.00 216.00 0.00 222.00 0.00 3.30772
4 240.00 0.00 237.00 0.00 216.00 0.00 219.00 0.00 0.429426
4 237.00 0.00 234.00 0.00 219.00 0.00 222.00 0.00 1.40178
4 234.00 0.00 231.00 0.00 222.00 0.00 225.00 0.00 7.76025
4 240.00 0.00 237.00 0.00 219.00 0.00 222.00 0.00 0.741935
4 237.00 0.00 234.00 0.00 222.00 0.00 225.00 0.00 2.71379
4 234.00 0.00 231.00 0.00 225.00 0.00 228.00 0.00 38.2801
4 240.00 0.00 234.00 0.00 222.00 0.00 228.00 0.00 13.613
4 240.00 0.00 237.00 0.00 222.00 0.00 225.00 0.00 1.23737
4 237.00 0.00 234.00 0.00 225.00 0.00 228.00 0.00 7.35823
4 240.00 0.00 237.00 0.00 225.00 0.00 228.00 0.00 2.34294
4 237.00 0.00 234.00 0.00 228.00 0.00 231.00 0.00 36.9713
4 240.00 0.00 237.00 0.00 228.00 0.00 231.00 0.00 6.7672
4 240.00 0.00 237.00 0.00 231.00 0.00 234.00 0.00 38.5615