Project7 Gradient XL_1
3.00
11
15
Type of measurement (0=app.resistivity,1=resistance)
1
1478
2
0
4 0.00 0.00 27.00 0.00 3.00 0.00 6.00 0.00 3.86837
4 0.00 0.00 27.00 0.00 6.00 0.00 9.00 0.00 1.08036
4 3.00 0.00 30.00 0.00 6.00 0.00 9.00 0.00 4.94985
4 0.00 0.00 27.00 0.00 9.00 0.00 12.00 0.00 0.313581
4 0.00 0.00 27.00 0.00 12.00 0.00 15.00 0.00 0.194367
4 3.00 0.00 30.00 0.00 9.00 0.00 12.00 0.00 0.879383
4 0.00 0.00 27.00 0.00 15.00 0.00 18.00 0.00 0.583359
4 3.00 0.00 30.00 0.00 12.00 0.00 15.00 0.00 0.300779
4 6.00 0.00 33.00 0.00 9.00 0.00 12.00 0.00 4.06896
4 0.00 0.00 27.00 0.00 18.00 0.00 21.00 0.00 1.37538
4 3.00 0.00 30.00 0.00 15.00 0.00 18.00 0.00 0.488868
4 6.00 0.00 33.00 0.00 12.00 0.00 15.00 0.00 0.791186
4 0.00 0.00 27.00 0.00 21.00 0.00 24.00 0.00 6.2643
4 9.00 0.00 36.00 0.00 12.00 0.00 15.00 0.00 6.55131
4 3.00 0.00 30.00 0.00 18.00 0.00 21.00 0.00 0.411605
4 6.00 0.00 33.00 0.00 15.00 0.00 18.00 0.00 0.656142
4 0.00 0.00 54.00 0.00 6.00 0.00 12.00 0.00 1.28197
4 9.00 0.00 36.00 0.00 15.00 0.00 18.00 0.00 1.53566
4 6.00 0.00 33.00 0.00 18.00 0.00 21.00 0.00 0.313012
4 3.00 0.00 30.00 0.00 21.00 0.00 24.00 0.00 0.925295
4 12.00 0.00 39.00 0.00 15.00 0.00 18.00 0.00 4.66335
4 3.00 0.00 30.00 0.00 24.00 0.00 27.00 0.00 3.97809
4 0.00 0.00 54.00 0.00 12.00 0.00 18.00 0.00 0.305157
4 6.00 0.00 33.00 0.00 21.00 0.00 24.00 0.00 0.375971
4 3.00 0.00 57.00 0.00 9.00 0.00 15.00 0.00 1.08697
4 9.00 0.00 36.00 0.00 18.00 0.00 21.00 0.00 0.422154
4 12.00 0.00 39.00 0.00 18.00 0.00 21.00 0.00 0.63154
4 9.00 0.00 36.00 0.00 21.00 0.00 24.00 0.00 0.321877
4 6.00 0.00 33.00 0.00 24.00 0.00 27.00 0.00 0.76711
4 15.00 0.00 42.00 0.00 18.00 0.00 21.00 0.00 1.54194
4 12.00 0.00 39.00 0.00 21.00 0.00 24.00 0.00 0.363387
4 9.00 0.00 36.00 0.00 24.00 0.00 27.00 0.00 0.378174
4 3.00 0.00 57.00 0.00 15.00 0.00 21.00 0.00 0.401333
4 6.00 0.00 33.00 0.00 27.00 0.00 30.00 0.00 2.6677
4 0.00 0.00 54.00 0.00 18.00 0.00 24.00 0.00 0.174448
4 6.00 0.00 60.00 0.00 12.00 0.00 18.00 0.00 1.26091
4 15.00 0.00 42.00 0.00 21.00 0.00 24.00 0.00 0.556306
4 12.00 0.00 39.00 0.00 24.00 0.00 27.00 0.00 0.307354
4 9.00 0.00 36.00 0.00 27.00 0.00 30.00 0.00 0.591122
4 12.00 0.00 39.00 0.00 27.00 0.00 30.00 0.00 0.298967
4 9.00 0.00 36.00 0.00 30.00 0.00 33.00 0.00 3.05835
4 18.00 0.00 45.00 0.00 21.00 0.00 24.00 0.00 4.21248
4 0.00 0.00 54.00 0.00 24.00 0.00 30.00 0.00 0.15005
4 3.00 0.00 57.00 0.00 21.00 0.00 27.00 0.00 0.169951
4 6.00 0.00 60.00 0.00 18.00 0.00 24.00 0.00 0.292942
4 15.00 0.00 42.00 0.00 24.00 0.00 27.00 0.00 0.358166
4 9.00 0.00 63.00 0.00 15.00 0.00 21.00 0.00 1.75117
4 18.00 0.00 45.00 0.00 24.00 0.00 27.00 0.00 1.09921
4 12.00 0.00 39.00 0.00 30.00 0.00 33.00 0.00 0.551464
4 15.00 0.00 42.00 0.00 27.00 0.00 30.00 0.00 0.256936
4 15.00 0.00 42.00 0.00 30.00 0.00 33.00 0.00 0.313434
4 12.00 0.00 66.00 0.00 18.00 0.00 24.00 0.00 0.834784
4 12.00 0.00 39.00 0.00 33.00 0.00 36.00 0.00 4.43248
4 18.00 0.00 45.00 0.00 27.00 0.00 30.00 0.00 0.416333
4 3.00 0.00 57.00 0.00 27.00 0.00 33.00 0.00 0.138028
4 6.00 0.00 60.00 0.00 24.00 0.00 30.00 0.00 0.16255
4 9.00 0.00 63.00 0.00 21.00 0.00 27.00 0.00 0.31508
4 0.00 0.00 54.00 0.00 30.00 0.00 36.00 0.00 0.201794
4 21.00 0.00 48.00 0.00 24.00 0.00 27.00 0.00 8.59608
4 18.00 0.00 45.00 0.00 30.00 0.00 33.00 0.00 0.305056
4 15.00 0.00 42.00 0.00 33.00 0.00 36.00 0.00 0.768785
4 21.00 0.00 48.00 0.00 27.00 0.00 30.00 0.00 1.39343
4 18.00 0.00 45.00 0.00 33.00 0.00 36.00 0.00 0.403246
4 15.00 0.00 69.00 0.00 21.00 0.00 27.00 0.00 0.740865
4 0.00 0.00 54.00 0.00 36.00 0.00 42.00 0.00 1.12599
4 12.00 0.00 66.00 0.00 24.00 0.00 30.00 0.00 0.268584
4 15.00 0.00 42.00 0.00 36.00 0.00 39.00 0.00 11.409
4 24.00 0.00 51.00 0.00 27.00 0.00 30.00 0.00 6.73783
4 6.00 0.00 60.00 0.00 30.00 0.00 36.00 0.00 0.150976
4 9.00 0.00 63.00 0.00 27.00 0.00 33.00 0.00 0.151912
4 3.00 0.00 57.00 0.00 33.00 0.00 39.00 0.00 0.281944
4 21.00 0.00 48.00 0.00 30.00 0.00 33.00 0.00 0.431992
4 18.00 0.00 45.00 0.00 36.00 0.00 39.00 0.00 1.87333
4 24.00 0.00 51.00 0.00 30.00 0.00 33.00 0.00 0.968909
4 21.00 0.00 48.00 0.00 33.00 0.00 36.00 0.00 0.369458
4 18.00 0.00 72.00 0.00 24.00 0.00 30.00 0.00 1.32739
4 15.00 0.00 69.00 0.00 27.00 0.00 33.00 0.00 0.203664
4 0.00 0.00 108.00 0.00 12.00 0.00 24.00 0.00 0.317269
4 6.00 0.00 60.00 0.00 36.00 0.00 42.00 0.00 0.558822
4 12.00 0.00 66.00 0.00 30.00 0.00 36.00 0.00 0.14826
4 0.00 0.00 54.00 0.00 42.00 0.00 48.00 0.00 7.95027
4 24.00 0.00 51.00 0.00 33.00 0.00 36.00 0.00 0.411711
4 3.00 0.00 57.00 0.00 39.00 0.00 45.00 0.00 1.88471
4 18.00 0.00 45.00 0.00 39.00 0.00 42.00 0.00 11.7848
4 9.00 0.00 63.00 0.00 33.00 0.00 39.00 0.00 0.211827
4 27.00 0.00 54.00 0.00 30.00 0.00 33.00 0.00 4.17018
4 21.00 0.00 48.00 0.00 36.00 0.00 39.00 0.00 1.03708
4 27.00 0.00 54.00 0.00 33.00 0.00 36.00 0.00 0.786462
4 21.00 0.00 48.00 0.00 39.00 0.00 42.00 0.00 4.65559
4 24.00 0.00 51.00 0.00 36.00 0.00 39.00 0.00 0.610919
4 12.00 0.00 66.00 0.00 36.00 0.00 42.00 0.00 0.377056
4 27.00 0.00 54.00 0.00 36.00 0.00 39.00 0.00 0.509379
4 21.00 0.00 48.00 0.00 42.00 0.00 45.00 0.00 19.8491
4 3.00 0.00 111.00 0.00 15.00 0.00 27.00 0.00 0.412178
4 3.00 0.00 57.00 0.00 45.00 0.00 51.00 0.00 11.8795
4 9.00 0.00 63.00 0.00 39.00 0.00 45.00 0.00 1.07949
4 15.00 0.00 69.00 0.00 33.00 0.00 39.00 0.00 0.171681
4 18.00 0.00 72.00 0.00 30.00 0.00 36.00 0.00 0.246845
4 21.00 0.00 75.00 0.00 27.00 0.00 33.00 0.00 1.60309
4 30.00 0.00 57.00 0.00 33.00 0.00 36.00 0.00 2.85733
4 24.00 0.00 51.00 0.00 39.00 0.00 42.00 0.00 1.9282
4 6.00 0.00 60.00 0.00 42.00 0.00 48.00 0.00 2.91946
4 27.00 0.00 54.00 0.00 39.00 0.00 42.00 0.00 0.954995
4 30.00 0.00 57.00 0.00 36.00 0.00 39.00 0.00 0.735556
4 24.00 0.00 51.00 0.00 42.00 0.00 45.00 0.00 6.33723
4 9.00 0.00 63.00 0.00 45.00 0.00 51.00 0.00 5.45057
4 6.00 0.00 114.00 0.00 18.00 0.00 30.00 0.00 0.327457
4 30.00 0.00 57.00 0.00 39.00 0.00 42.00 0.00 0.69948
4 12.00 0.00 66.00 0.00 42.00 0.00 48.00 0.00 1.6723
4 15.00 0.00 69.00 0.00 39.00 0.00 45.00 0.00 0.619649
4 24.00 0.00 78.00 0.00 30.00 0.00 36.00 0.00 1.14278
4 6.00 0.00 60.00 0.00 48.00 0.00 54.00 0.00 17.0321
4 18.00 0.00 72.00 0.00 36.00 0.00 42.00 0.00 0.289338
4 24.00 0.00 51.00 0.00 45.00 0.00 48.00 0.00 19.3574
4 21.00 0.00 75.00 0.00 33.00 0.00 39.00 0.00 0.270374
4 27.00 0.00 54.00 0.00 42.00 0.00 45.00 0.00 2.51086
4 0.00 0.00 108.00 0.00 24.00 0.00 36.00 0.00 0.0787381
4 33.00 0.00 60.00 0.00 36.00 0.00 39.00 0.00 3.22456
4 27.00 0.00 54.00 0.00 45.00 0.00 48.00 0.00 5.55895
4 30.00 0.00 57.00 0.00 42.00 0.00 45.00 0.00 1.45852
4 33.00 0.00 60.00 0.00 39.00 0.00 42.00 0.00 0.828286
4 3.00 0.00 111.00 0.00 27.00 0.00 39.00 0.00 0.0793585
4 24.00 0.00 78.00 0.00 36.00 0.00 42.00 0.00 0.30212
4 18.00 0.00 72.00 0.00 42.00 0.00 48.00 0.00 0.958871
4 9.00 0.00 117.00 0.00 21.00 0.00 33.00 0.00 0.344435
4 33.00 0.00 60.00 0.00 42.00 0.00 45.00 0.00 1.17007
4 9.00 0.00 63.00 0.00 51.00 0.00 57.00 0.00 16.8169
4 27.00 0.00 81.00 0.00 33.00 0.00 39.00 0.00 0.962313
4 15.00 0.00 69.00 0.00 45.00 0.00 51.00 0.00 2.72163
4 12.00 0.00 66.00 0.00 48.00 0.00 54.00 0.00 7.82585
4 36.00 0.00 63.00 0.00 39.00 0.00 42.00 0.00 4.43479
4 21.00 0.00 75.00 0.00 39.00 0.00 45.00 0.00 0.442474
4 27.00 0.00 54.00 0.00 48.00 0.00 51.00 0.00 25.8361
4 30.00 0.00 57.00 0.00 45.00 0.00 48.00 0.00 2.8204
4 30.00 0.00 57.00 0.00 48.00 0.00 51.00 0.00 9.24176
4 33.00 0.00 60.00 0.00 45.00 0.00 48.00 0.00 2.01685
4 36.00 0.00 63.00 0.00 42.00 0.00 45.00 0.00 1.32878
4 39.00 0.00 66.00 0.00 42.00 0.00 45.00 0.00 10.7429
4 12.00 0.00 120.00 0.00 24.00 0.00 36.00 0.00 0.290354
4 12.00 0.00 66.00 0.00 54.00 0.00 60.00 0.00 14.3522
4 0.00 0.00 108.00 0.00 36.00 0.00 48.00 0.00 0.188853
4 6.00 0.00 114.00 0.00 30.00 0.00 42.00 0.00 0.0945335
4 24.00 0.00 78.00 0.00 42.00 0.00 48.00 0.00 0.540346
4 21.00 0.00 75.00 0.00 45.00 0.00 51.00 0.00 1.64781
4 30.00 0.00 57.00 0.00 51.00 0.00 54.00 0.00 24.1844
4 30.00 0.00 84.00 0.00 36.00 0.00 42.00 0.00 0.808897
4 18.00 0.00 72.00 0.00 48.00 0.00 54.00 0.00 3.8766
4 27.00 0.00 81.00 0.00 39.00 0.00 45.00 0.00 0.370681
4 15.00 0.00 69.00 0.00 51.00 0.00 57.00 0.00 6.26229
4 33.00 0.00 60.00 0.00 48.00 0.00 51.00 0.00 5.9277
4 36.00 0.00 63.00 0.00 45.00 0.00 48.00 0.00 1.59138
4 39.00 0.00 66.00 0.00 45.00 0.00 48.00 0.00 2.11613
4 36.00 0.00 63.00 0.00 48.00 0.00 51.00 0.00 4.26948
4 33.00 0.00 60.00 0.00 51.00 0.00 54.00 0.00 11.3855
4 42.00 0.00 69.00 0.00 45.00 0.00 48.00 0.00 8.93105
4 39.00 0.00 66.00 0.00 48.00 0.00 51.00 0.00 3.69083
4 9.00 0.00 117.00 0.00 33.00 0.00 45.00 0.00 0.136249
4 3.00 0.00 111.00 0.00 39.00 0.00 51.00 0.00 0.362978
4 24.00 0.00 78.00 0.00 48.00 0.00 54.00 0.00 1.87316
4 36.00 0.00 63.00 0.00 51.00 0.00 54.00 0.00 7.15721
4 27.00 0.00 81.00 0.00 45.00 0.00 51.00 0.00 0.924011
4 15.00 0.00 69.00 0.00 57.00 0.00 63.00 0.00 10.2923
4 18.00 0.00 72.00 0.00 54.00 0.00 60.00 0.00 4.74793
4 21.00 0.00 75.00 0.00 51.00 0.00 57.00 0.00 3.34803
4 33.00 0.00 87.00 0.00 39.00 0.00 45.00 0.00 0.751679
4 30.00 0.00 84.00 0.00 42.00 0.00 48.00 0.00 0.463999
4 33.00 0.00 60.00 0.00 54.00 0.00 57.00 0.00 21.3345
4 42.00 0.00 69.00 0.00 48.00 0.00 51.00 0.00 5.42779
4 39.00 0.00 66.00 0.00 51.00 0.00 54.00 0.00 5.22453
4 36.00 0.00 63.00 0.00 54.00 0.00 57.00 0.00 9.9327
4 42.00 0.00 69.00 0.00 51.00 0.00 54.00 0.00 4.3931
4 39.00 0.00 66.00 0.00 54.00 0.00 57.00 0.00 6.1756
4 0.00 0.00 162.00 0.00 18.00 0.00 36.00 0.00 0.149538
4 6.00 0.00 114.00 0.00 42.00 0.00 54.00 0.00 0.563213
4 0.00 0.00 108.00 0.00 48.00 0.00 60.00 0.00 0.883912
4 30.00 0.00 84.00 0.00 48.00 0.00 54.00 0.00 1.26983
4 18.00 0.00 126.00 0.00 30.00 0.00 42.00 0.00 0.309646
4 24.00 0.00 78.00 0.00 54.00 0.00 60.00 0.00 1.88157
4 12.00 0.00 120.00 0.00 36.00 0.00 48.00 0.00 0.192876
4 45.00 0.00 72.00 0.00 48.00 0.00 51.00 0.00 18.5709
4 18.00 0.00 72.00 0.00 60.00 0.00 66.00 0.00 10.7525
4 21.00 0.00 75.00 0.00 57.00 0.00 63.00 0.00 3.78115
4 27.00 0.00 81.00 0.00 51.00 0.00 57.00 0.00 1.60467
4 36.00 0.00 90.00 0.00 42.00 0.00 48.00 0.00 0.99309
4 33.00 0.00 87.00 0.00 45.00 0.00 51.00 0.00 0.7989
4 36.00 0.00 63.00 0.00 57.00 0.00 60.00 0.00 19.4288
4 45.00 0.00 72.00 0.00 51.00 0.00 54.00 0.00 7.53197
4 42.00 0.00 69.00 0.00 54.00 0.00 57.00 0.00 3.77055
4 39.00 0.00 66.00 0.00 57.00 0.00 60.00 0.00 8.4427
4 45.00 0.00 72.00 0.00 54.00 0.00 57.00 0.00 3.96813
4 42.00 0.00 69.00 0.00 57.00 0.00 60.00 0.00 3.86535
4 39.00 0.00 66.00 0.00 60.00 0.00 63.00 0.00 20.3456
4 39.00 0.00 93.00 0.00 45.00 0.00 51.00 0.00 2.19512
4 33.00 0.00 87.00 0.00 51.00 0.00 57.00 0.00 1.16328
4 9.00 0.00 117.00 0.00 45.00 0.00 57.00 0.00 0.67466
4 27.00 0.00 81.00 0.00 57.00 0.00 63.00 0.00 1.46951
4 36.00 0.00 90.00 0.00 48.00 0.00 54.00 0.00 1.23547
4 24.00 0.00 78.00 0.00 60.00 0.00 66.00 0.00 2.8669
4 3.00 0.00 111.00 0.00 51.00 0.00 63.00 0.00 0.84419
4 21.00 0.00 75.00 0.00 63.00 0.00 69.00 0.00 16.1928
4 48.00 0.00 75.00 0.00 51.00 0.00 54.00 0.00 20.7351
4 30.00 0.00 84.00 0.00 54.00 0.00 60.00 0.00 1.10456
4 42.00 0.00 69.00 0.00 60.00 0.00 63.00 0.00 6.79261
4 0.00 0.00 180.00 0.00 18.00 0.00 36.00 0.00 0.144862
4 48.00 0.00 75.00 0.00 54.00 0.00 57.00 0.00 5.99501
4 45.00 0.00 72.00 0.00 57.00 0.00 60.00 0.00 2.92755
4 45.00 0.00 72.00 0.00 60.00 0.00 63.00 0.00 4.12869
4 42.00 0.00 69.00 0.00 63.00 0.00 66.00 0.00 16.2376
4 0.00 0.00 108.00 0.00 60.00 0.00 72.00 0.00 1.16511
4 24.00 0.00 132.00 0.00 36.00 0.00 48.00 0.00 0.386544
4 24.00 0.00 78.00 0.00 66.00 0.00 72.00 0.00 9.87775
4 6.00 0.00 114.00 0.00 54.00 0.00 66.00 0.00 0.755765
4 33.00 0.00 87.00 0.00 57.00 0.00 63.00 0.00 0.939078
4 42.00 0.00 96.00 0.00 48.00 0.00 54.00 0.00 5.53676
4 12.00 0.00 120.00 0.00 48.00 0.00 60.00 0.00 0.725707
4 18.00 0.00 126.00 0.00 42.00 0.00 54.00 0.00 0.541564
4 6.00 0.00 168.00 0.00 24.00 0.00 42.00 0.00 0.153597
4 27.00 0.00 81.00 0.00 63.00 0.00 69.00 0.00 3.37118
4 36.00 0.00 90.00 0.00 54.00 0.00 60.00 0.00 0.900101
4 39.00 0.00 93.00 0.00 51.00 0.00 57.00 0.00 1.33521
4 48.00 0.00 75.00 0.00 57.00 0.00 60.00 0.00 2.94064
4 51.00 0.00 78.00 0.00 54.00 0.00 57.00 0.00 21.946
4 30.00 0.00 84.00 0.00 60.00 0.00 66.00 0.00 1.37559
4 45.00 0.00 72.00 0.00 63.00 0.00 66.00 0.00 7.30121
4 48.00 0.00 75.00 0.00 60.00 0.00 63.00 0.00 3.13606
4 51.00 0.00 78.00 0.00 57.00 0.00 60.00 0.00 5.63277
4 45.00 0.00 72.00 0.00 66.00 0.00 69.00 0.00 38.6549
4 9.00 0.00 117.00 0.00 57.00 0.00 69.00 0.00 0.858882
4 3.00 0.00 111.00 0.00 63.00 0.00 75.00 0.00 1.29766
4 0.00 0.00 162.00 0.00 36.00 0.00 54.00 0.00 0.243889
4 39.00 0.00 93.00 0.00 57.00 0.00 63.00 0.00 0.815656
4 33.00 0.00 87.00 0.00 63.00 0.00 69.00 0.00 1.72685
4 27.00 0.00 81.00 0.00 69.00 0.00 75.00 0.00 7.40116
4 36.00 0.00 90.00 0.00 60.00 0.00 66.00 0.00 0.985764
4 42.00 0.00 96.00 0.00 54.00 0.00 60.00 0.00 1.31808
4 45.00 0.00 99.00 0.00 51.00 0.00 57.00 0.00 7.48703
4 48.00 0.00 75.00 0.00 63.00 0.00 66.00 0.00 4.36338
4 51.00 0.00 78.00 0.00 60.00 0.00 63.00 0.00 3.80429
4 54.00 0.00 81.00 0.00 57.00 0.00 60.00 0.00 18.2192
4 30.00 0.00 84.00 0.00 66.00 0.00 72.00 0.00 2.93245
4 0.00 0.00 198.00 0.00 18.00 0.00 36.00 0.00 0.143508
4 48.00 0.00 75.00 0.00 66.00 0.00 69.00 0.00 13.0871
4 51.00 0.00 78.00 0.00 63.00 0.00 66.00 0.00 3.36478
4 54.00 0.00 81.00 0.00 60.00 0.00 63.00 0.00 7.73427
4 6.00 0.00 186.00 0.00 24.00 0.00 42.00 0.00 0.141419
4 6.00 0.00 114.00 0.00 66.00 0.00 78.00 0.00 1.45891
4 12.00 0.00 174.00 0.00 30.00 0.00 48.00 0.00 0.172076
4 42.00 0.00 96.00 0.00 60.00 0.00 66.00 0.00 0.96268
4 51.00 0.00 78.00 0.00 66.00 0.00 69.00 0.00 5.65752
4 45.00 0.00 99.00 0.00 57.00 0.00 63.00 0.00 1.51155
4 18.00 0.00 126.00 0.00 54.00 0.00 66.00 0.00 0.61992
4 24.00 0.00 132.00 0.00 48.00 0.00 60.00 0.00 0.708071
4 39.00 0.00 93.00 0.00 63.00 0.00 69.00 0.00 1.29686
4 48.00 0.00 102.00 0.00 54.00 0.00 60.00 0.00 6.25497
4 12.00 0.00 120.00 0.00 60.00 0.00 72.00 0.00 0.88036
4 30.00 0.00 138.00 0.00 42.00 0.00 54.00 0.00 0.712551
4 33.00 0.00 87.00 0.00 69.00 0.00 75.00 0.00 2.46142
4 54.00 0.00 81.00 0.00 63.00 0.00 66.00 0.00 4.91196
4 0.00 0.00 108.00 0.00 72.00 0.00 84.00 0.00 1.71577
4 48.00 0.00 75.00 0.00 69.00 0.00 72.00 0.00 32.1006
4 30.00 0.00 84.00 0.00 72.00 0.00 78.00 0.00 6.51366
4 57.00 0.00 84.00 0.00 60.00 0.00 63.00 0.00 18.9613
4 36.00 0.00 90.00 0.00 66.00 0.00 72.00 0.00 1.78046
4 54.00 0.00 81.00 0.00 66.00 0.00 69.00 0.00 5.75689
4 0.00 0.00 180.00 0.00 36.00 0.00 54.00 0.00 0.174126
4 57.00 0.00 84.00 0.00 63.00 0.00 66.00 0.00 8.40818
4 51.00 0.00 78.00 0.00 69.00 0.00 72.00 0.00 6.58674
4 0.00 0.00 216.00 0.00 18.00 0.00 36.00 0.00 0.141119
4 9.00 0.00 117.00 0.00 69.00 0.00 81.00 0.00 1.23809
4 36.00 0.00 90.00 0.00 72.00 0.00 78.00 0.00 2.87288
4 57.00 0.00 84.00 0.00 66.00 0.00 69.00 0.00 7.71144
4 42.00 0.00 96.00 0.00 66.00 0.00 72.00 0.00 1.41724
4 39.00 0.00 93.00 0.00 69.00 0.00 75.00 0.00 1.57083
4 3.00 0.00 111.00 0.00 75.00 0.00 87.00 0.00 1.46432
4 48.00 0.00 102.00 0.00 60.00 0.00 66.00 0.00 2.07837
4 33.00 0.00 87.00 0.00 75.00 0.00 81.00 0.00 4.82153
4 51.00 0.00 105.00 0.00 57.00 0.00 63.00 0.00 7.86812
4 51.00 0.00 78.00 0.00 72.00 0.00 75.00 0.00 18.716
4 6.00 0.00 168.00 0.00 42.00 0.00 60.00 0.00 0.328859
4 45.00 0.00 99.00 0.00 63.00 0.00 69.00 0.00 1.5229
4 54.00 0.00 81.00 0.00 69.00 0.00 72.00 0.00 3.96707
4 60.00 0.00 87.00 0.00 63.00 0.00 66.00 0.00 19.263
4 6.00 0.00 204.00 0.00 24.00 0.00 42.00 0.00 0.14782
4 57.00 0.00 84.00 0.00 69.00 0.00 72.00 0.00 3.74579
4 60.00 0.00 87.00 0.00 66.00 0.00 69.00 0.00 12.0349
4 54.00 0.00 81.00 0.00 72.00 0.00 75.00 0.00 6.17513
4 12.00 0.00 192.00 0.00 30.00 0.00 48.00 0.00 0.159283
4 24.00 0.00 132.00 0.00 60.00 0.00 72.00 0.00 0.699776
4 39.00 0.00 93.00 0.00 75.00 0.00 81.00 0.00 2.20669
4 0.00 0.00 108.00 0.00 84.00 0.00 96.00 0.00 3.65636
4 18.00 0.00 126.00 0.00 66.00 0.00 78.00 0.00 1.05286
4 18.00 0.00 180.00 0.00 36.00 0.00 54.00 0.00 0.364837
4 6.00 0.00 114.00 0.00 78.00 0.00 90.00 0.00 1.16278
4 30.00 0.00 138.00 0.00 54.00 0.00 66.00 0.00 0.578892
4 36.00 0.00 144.00 0.00 48.00 0.00 60.00 0.00 0.992732
4 63.00 0.00 90.00 0.00 66.00 0.00 69.00 0.00 25.5089
4 48.00 0.00 102.00 0.00 66.00 0.00 72.00 0.00 1.87547
4 51.00 0.00 105.00 0.00 63.00 0.00 69.00 0.00 4.08804
4 54.00 0.00 108.00 0.00 60.00 0.00 66.00 0.00 11.2251
4 12.00 0.00 120.00 0.00 72.00 0.00 84.00 0.00 1.13157
4 60.00 0.00 87.00 0.00 69.00 0.00 72.00 0.00 4.5952
4 0.00 0.00 162.00 0.00 54.00 0.00 72.00 0.00 0.460049
4 36.00 0.00 90.00 0.00 78.00 0.00 84.00 0.00 4.24264
4 42.00 0.00 96.00 0.00 72.00 0.00 78.00 0.00 1.95298
4 45.00 0.00 99.00 0.00 69.00 0.00 75.00 0.00 1.4181
4 57.00 0.00 84.00 0.00 72.00 0.00 75.00 0.00 4.40214
4 54.00 0.00 81.00 0.00 75.00 0.00 78.00 0.00 12.74
4 0.00 0.00 234.00 0.00 18.00 0.00 36.00 0.00 0.14016
4 0.00 0.00 198.00 0.00 36.00 0.00 54.00 0.00 0.143618
4 63.00 0.00 90.00 0.00 69.00 0.00 72.00 0.00 7.31954
4 57.00 0.00 84.00 0.00 75.00 0.00 78.00 0.00 6.14295
4 60.00 0.00 87.00 0.00 72.00 0.00 75.00 0.00 4.33781
4 6.00 0.00 222.00 0.00 24.00 0.00 42.00 0.00 0.145609
4 6.00 0.00 186.00 0.00 42.00 0.00 60.00 0.00 0.258932
4 3.00 0.00 111.00 0.00 87.00 0.00 99.00 0.00 5.07626
4 12.00 0.00 174.00 0.00 48.00 0.00 66.00 0.00 0.386448
4 9.00 0.00 117.00 0.00 81.00 0.00 93.00 0.00 1.32578
4 60.00 0.00 87.00 0.00 75.00 0.00 78.00 0.00 4.87898
4 57.00 0.00 111.00 0.00 63.00 0.00 69.00 0.00 14.539
4 48.00 0.00 102.00 0.00 72.00 0.00 78.00 0.00 1.91004
4 45.00 0.00 99.00 0.00 75.00 0.00 81.00 0.00 1.68217
4 51.00 0.00 105.00 0.00 69.00 0.00 75.00 0.00 2.28511
4 54.00 0.00 108.00 0.00 66.00 0.00 72.00 0.00 5.69765
4 63.00 0.00 90.00 0.00 72.00 0.00 75.00 0.00 5.53575
4 57.00 0.00 84.00 0.00 78.00 0.00 81.00 0.00 10.3406
4 39.00 0.00 93.00 0.00 81.00 0.00 87.00 0.00 4.4623
4 42.00 0.00 96.00 0.00 78.00 0.00 84.00 0.00 1.60539
4 66.00 0.00 93.00 0.00 69.00 0.00 72.00 0.00 16.2737
4 12.00 0.00 210.00 0.00 30.00 0.00 48.00 0.00 0.151372
4 60.00 0.00 87.00 0.00 78.00 0.00 81.00 0.00 3.61175
4 0.00 0.00 180.00 0.00 54.00 0.00 72.00 0.00 0.310601
4 63.00 0.00 90.00 0.00 75.00 0.00 78.00 0.00 5.40762
4 66.00 0.00 93.00 0.00 72.00 0.00 75.00 0.00 8.54249
4 18.00 0.00 198.00 0.00 36.00 0.00 54.00 0.00 0.334086
4 0.00 0.00 216.00 0.00 36.00 0.00 54.00 0.00 0.127831
4 6.00 0.00 114.00 0.00 90.00 0.00 102.00 0.00 6.8187
4 60.00 0.00 87.00 0.00 81.00 0.00 84.00 0.00 9.41555
4 6.00 0.00 168.00 0.00 60.00 0.00 78.00 0.00 0.50039
4 30.00 0.00 138.00 0.00 66.00 0.00 78.00 0.00 0.829163
4 42.00 0.00 96.00 0.00 84.00 0.00 90.00 0.00 5.43061
4 66.00 0.00 93.00 0.00 75.00 0.00 78.00 0.00 7.0256
4 60.00 0.00 114.00 0.00 66.00 0.00 72.00 0.00 15.2166
4 54.00 0.00 108.00 0.00 72.00 0.00 78.00 0.00 3.69408
4 18.00 0.00 126.00 0.00 78.00 0.00 90.00 0.00 0.695909
4 36.00 0.00 144.00 0.00 60.00 0.00 72.00 0.00 0.64549
4 48.00 0.00 102.00 0.00 78.00 0.00 84.00 0.00 1.15598
4 51.00 0.00 105.00 0.00 75.00 0.00 81.00 0.00 2.08156
4 12.00 0.00 120.00 0.00 84.00 0.00 96.00 0.00 1.47294
4 57.00 0.00 111.00 0.00 69.00 0.00 75.00 0.00 5.08282
4 24.00 0.00 132.00 0.00 72.00 0.00 84.00 0.00 0.80369
4 45.00 0.00 99.00 0.00 81.00 0.00 87.00 0.00 1.58677
4 42.00 0.00 150.00 0.00 54.00 0.00 66.00 0.00 1.35393
4 69.00 0.00 96.00 0.00 72.00 0.00 75.00 0.00 34.4032
4 63.00 0.00 90.00 0.00 78.00 0.00 81.00 0.00 2.87029
4 6.00 0.00 240.00 0.00 24.00 0.00 42.00 0.00 0.144807
4 6.00 0.00 204.00 0.00 42.00 0.00 60.00 0.00 0.206038
4 24.00 0.00 186.00 0.00 42.00 0.00 60.00 0.00 0.481457
4 66.00 0.00 93.00 0.00 78.00 0.00 81.00 0.00 2.90639
4 63.00 0.00 90.00 0.00 81.00 0.00 84.00 0.00 3.64337
4 69.00 0.00 96.00 0.00 75.00 0.00 78.00 0.00 15.3099
4 12.00 0.00 192.00 0.00 48.00 0.00 66.00 0.00 0.313281
4 12.00 0.00 228.00 0.00 30.00 0.00 48.00 0.00 0.149043
4 69.00 0.00 96.00 0.00 78.00 0.00 81.00 0.00 4.45639
4 66.00 0.00 93.00 0.00 81.00 0.00 84.00 0.00 2.48495
4 63.00 0.00 90.00 0.00 84.00 0.00 87.00 0.00 16.1904
4 18.00 0.00 180.00 0.00 54.00 0.00 72.00 0.00 0.401414
4 0.00 0.00 162.00 0.00 72.00 0.00 90.00 0.00 0.448757
4 9.00 0.00 117.00 0.00 93.00 0.00 105.00 0.00 7.50398
4 51.00 0.00 105.00 0.00 81.00 0.00 87.00 0.00 1.20282
4 48.00 0.00 102.00 0.00 84.00 0.00 90.00 0.00 1.63199
4 54.00 0.00 108.00 0.00 78.00 0.00 84.00 0.00 1.60744
4 57.00 0.00 111.00 0.00 75.00 0.00 81.00 0.00 3.65333
4 60.00 0.00 114.00 0.00 72.00 0.00 78.00 0.00 6.40184
4 63.00 0.00 117.00 0.00 69.00 0.00 75.00 0.00 11.4922
4 45.00 0.00 99.00 0.00 87.00 0.00 93.00 0.00 8.47811
4 72.00 0.00 99.00 0.00 75.00 0.00 78.00 0.00 41.143
4 0.00 0.00 234.00 0.00 36.00 0.00 54.00 0.00 0.1183
4 0.00 0.00 198.00 0.00 54.00 0.00 72.00 0.00 0.239612
4 18.00 0.00 216.00 0.00 36.00 0.00 54.00 0.00 0.317556
4 69.00 0.00 96.00 0.00 81.00 0.00 84.00 0.00 2.85768
4 66.00 0.00 93.00 0.00 84.00 0.00 87.00 0.00 3.87961
4 72.00 0.00 99.00 0.00 78.00 0.00 81.00 0.00 7.64319
4 6.00 0.00 222.00 0.00 42.00 0.00 60.00 0.00 0.189672
4 24.00 0.00 204.00 0.00 42.00 0.00 60.00 0.00 0.446334
4 6.00 0.00 186.00 0.00 60.00 0.00 78.00 0.00 0.363307
4 69.00 0.00 96.00 0.00 84.00 0.00 87.00 0.00 2.57331
4 66.00 0.00 93.00 0.00 87.00 0.00 90.00 0.00 13.631
4 30.00 0.00 138.00 0.00 78.00 0.00 90.00 0.00 0.451624
4 48.00 0.00 156.00 0.00 60.00 0.00 72.00 0.00 2.88312
4 12.00 0.00 174.00 0.00 66.00 0.00 84.00 0.00 0.438755
4 66.00 0.00 120.00 0.00 72.00 0.00 78.00 0.00 14.1552
4 72.00 0.00 99.00 0.00 81.00 0.00 84.00 0.00 3.74153
4 51.00 0.00 105.00 0.00 87.00 0.00 93.00 0.00 2.55508
4 36.00 0.00 144.00 0.00 72.00 0.00 84.00 0.00 0.647434
4 12.00 0.00 120.00 0.00 96.00 0.00 108.00 0.00 9.43121
4 18.00 0.00 126.00 0.00 90.00 0.00 102.00 0.00 2.41549
4 48.00 0.00 102.00 0.00 90.00 0.00 96.00 0.00 8.20791
4 57.00 0.00 111.00 0.00 81.00 0.00 87.00 0.00 1.48774
4 60.00 0.00 114.00 0.00 78.00 0.00 84.00 0.00 2.27925
4 63.00 0.00 117.00 0.00 75.00 0.00 81.00 0.00 5.81806
4 42.00 0.00 150.00 0.00 66.00 0.00 78.00 0.00 0.938747
4 24.00 0.00 132.00 0.00 84.00 0.00 96.00 0.00 0.686503
4 54.00 0.00 108.00 0.00 84.00 0.00 90.00 0.00 1.22019
4 75.00 0.00 102.00 0.00 78.00 0.00 81.00 0.00 20.7468
4 12.00 0.00 210.00 0.00 48.00 0.00 66.00 0.00 0.266387
4 30.00 0.00 192.00 0.00 48.00 0.00 66.00 0.00 0.616357
4 72.00 0.00 99.00 0.00 84.00 0.00 87.00 0.00 2.41554
4 69.00 0.00 96.00 0.00 87.00 0.00 90.00 0.00 4.4134
4 0.00 0.00 180.00 0.00 72.00 0.00 90.00 0.00 0.288379
4 75.00 0.00 102.00 0.00 81.00 0.00 84.00 0.00 6.10529
4 18.00 0.00 198.00 0.00 54.00 0.00 72.00 0.00 0.333457
4 0.00 0.00 216.00 0.00 54.00 0.00 72.00 0.00 0.205521
4 18.00 0.00 234.00 0.00 36.00 0.00 54.00 0.00 0.308816
4 72.00 0.00 99.00 0.00 87.00 0.00 90.00 0.00 2.46908
4 78.00 0.00 105.00 0.00 81.00 0.00 84.00 0.00 13.318
4 60.00 0.00 114.00 0.00 84.00 0.00 90.00 0.00 1.23015
4 6.00 0.00 168.00 0.00 78.00 0.00 96.00 0.00 0.268903
4 51.00 0.00 105.00 0.00 93.00 0.00 99.00 0.00 10.9217
4 66.00 0.00 120.00 0.00 78.00 0.00 84.00 0.00 3.68113
4 54.00 0.00 108.00 0.00 90.00 0.00 96.00 0.00 3.00241
4 57.00 0.00 111.00 0.00 87.00 0.00 93.00 0.00 1.66805
4 63.00 0.00 117.00 0.00 81.00 0.00 87.00 0.00 1.89431
4 75.00 0.00 102.00 0.00 84.00 0.00 87.00 0.00 2.99932
4 69.00 0.00 96.00 0.00 90.00 0.00 93.00 0.00 21.0223
4 24.00 0.00 222.00 0.00 42.00 0.00 60.00 0.00 0.429887
4 6.00 0.00 240.00 0.00 42.00 0.00 60.00 0.00 0.176248
4 6.00 0.00 204.00 0.00 60.00 0.00 78.00 0.00 0.283557
4 24.00 0.00 186.00 0.00 60.00 0.00 78.00 0.00 0.478513
4 69.00 0.00 123.00 0.00 75.00 0.00 81.00 0.00 18.5795
4 75.00 0.00 102.00 0.00 87.00 0.00 90.00 0.00 1.95193
4 78.00 0.00 105.00 0.00 84.00 0.00 87.00 0.00 4.80088
4 72.00 0.00 99.00 0.00 90.00 0.00 93.00 0.00 7.39173
4 30.00 0.00 210.00 0.00 48.00 0.00 66.00 0.00 0.571417
4 12.00 0.00 228.00 0.00 48.00 0.00 66.00 0.00 0.248314
4 12.00 0.00 192.00 0.00 66.00 0.00 84.00 0.00 0.34195
4 57.00 0.00 111.00 0.00 93.00 0.00 99.00 0.00 3.99473
4 72.00 0.00 126.00 0.00 78.00 0.00 84.00 0.00 10.5719
4 30.00 0.00 138.00 0.00 90.00 0.00 102.00 0.00 0.913251
4 18.00 0.00 180.00 0.00 72.00 0.00 90.00 0.00 0.334794
4 81.00 0.00 108.00 0.00 84.00 0.00 87.00 0.00 11.6796
4 54.00 0.00 162.00 0.00 66.00 0.00 78.00 0.00 8.06879
4 24.00 0.00 132.00 0.00 96.00 0.00 108.00 0.00 2.95748
4 48.00 0.00 156.00 0.00 72.00 0.00 84.00 0.00 1.27378
4 36.00 0.00 144.00 0.00 84.00 0.00 96.00 0.00 0.367567
4 42.00 0.00 150.00 0.00 78.00 0.00 90.00 0.00 0.384893
4 66.00 0.00 120.00 0.00 84.00 0.00 90.00 0.00 1.48793
4 54.00 0.00 108.00 0.00 96.00 0.00 102.00 0.00 12.85
4 63.00 0.00 117.00 0.00 87.00 0.00 93.00 0.00 1.42051
4 60.00 0.00 114.00 0.00 90.00 0.00 96.00 0.00 1.95924
4 72.00 0.00 99.00 0.00 93.00 0.00 96.00 0.00 17.2862
4 18.00 0.00 126.00 0.00 102.00 0.00 114.00 0.00 10.5266
4 78.00 0.00 105.00 0.00 87.00 0.00 90.00 0.00 2.22679
4 75.00 0.00 102.00 0.00 90.00 0.00 93.00 0.00 3.78364
4 0.00 0.00 162.00 0.00 90.00 0.00 108.00 0.00 0.437258
4 18.00 0.00 216.00 0.00 54.00 0.00 72.00 0.00 0.299291
4 36.00 0.00 198.00 0.00 54.00 0.00 72.00 0.00 0.584494
4 0.00 0.00 198.00 0.00 72.00 0.00 90.00 0.00 0.221353
4 0.00 0.00 234.00 0.00 54.00 0.00 72.00 0.00 0.18494
4 69.00 0.00 123.00 0.00 81.00 0.00 87.00 0.00 3.46449
4 75.00 0.00 102.00 0.00 93.00 0.00 96.00 0.00 5.85405
4 78.00 0.00 105.00 0.00 90.00 0.00 93.00 0.00 3.16007
4 81.00 0.00 108.00 0.00 87.00 0.00 90.00 0.00 3.15015
4 24.00 0.00 204.00 0.00 60.00 0.00 78.00 0.00 0.388785
4 24.00 0.00 240.00 0.00 42.00 0.00 60.00 0.00 0.417052
4 6.00 0.00 186.00 0.00 78.00 0.00 96.00 0.00 0.182465
4 6.00 0.00 222.00 0.00 60.00 0.00 78.00 0.00 0.256294
4 72.00 0.00 126.00 0.00 84.00 0.00 90.00 0.00 2.54831
4 12.00 0.00 174.00 0.00 84.00 0.00 102.00 0.00 0.21932
4 63.00 0.00 117.00 0.00 93.00 0.00 99.00 0.00 2.33859
4 57.00 0.00 111.00 0.00 99.00 0.00 105.00 0.00 13.3712
4 66.00 0.00 120.00 0.00 90.00 0.00 96.00 0.00 1.61917
4 60.00 0.00 114.00 0.00 96.00 0.00 102.00 0.00 5.50018
4 81.00 0.00 108.00 0.00 90.00 0.00 93.00 0.00 3.14803
4 75.00 0.00 102.00 0.00 96.00 0.00 99.00 0.00 18.9584
4 78.00 0.00 105.00 0.00 93.00 0.00 96.00 0.00 3.5135
4 84.00 0.00 111.00 0.00 87.00 0.00 90.00 0.00 9.06692
4 75.00 0.00 129.00 0.00 81.00 0.00 87.00 0.00 8.33174
4 12.00 0.00 210.00 0.00 66.00 0.00 84.00 0.00 0.278873
4 30.00 0.00 228.00 0.00 48.00 0.00 66.00 0.00 0.55255
4 30.00 0.00 192.00 0.00 66.00 0.00 84.00 0.00 0.454068
4 69.00 0.00 123.00 0.00 87.00 0.00 93.00 0.00 1.66724
4 78.00 0.00 105.00 0.00 96.00 0.00 99.00 0.00 8.63122
4 84.00 0.00 111.00 0.00 90.00 0.00 93.00 0.00 4.38858
4 81.00 0.00 108.00 0.00 93.00 0.00 96.00 0.00 2.51611
4 0.00 0.00 180.00 0.00 90.00 0.00 108.00 0.00 0.211427
4 0.00 0.00 216.00 0.00 72.00 0.00 90.00 0.00 0.18673
4 18.00 0.00 198.00 0.00 72.00 0.00 90.00 0.00 0.265244
4 18.00 0.00 234.00 0.00 54.00 0.00 72.00 0.00 0.278426
4 36.00 0.00 216.00 0.00 54.00 0.00 72.00 0.00 0.550579
4 84.00 0.00 111.00 0.00 93.00 0.00 96.00 0.00 2.4695
4 30.00 0.00 138.00 0.00 102.00 0.00 114.00 0.00 2.92555
4 63.00 0.00 117.00 0.00 99.00 0.00 105.00 0.00 5.76275
4 48.00 0.00 156.00 0.00 84.00 0.00 96.00 0.00 0.376438
4 24.00 0.00 132.00 0.00 108.00 0.00 120.00 0.00 9.20793
4 42.00 0.00 150.00 0.00 90.00 0.00 102.00 0.00 0.431757
4 54.00 0.00 162.00 0.00 78.00 0.00 90.00 0.00 1.48477
4 36.00 0.00 144.00 0.00 96.00 0.00 108.00 0.00 0.952945
4 66.00 0.00 120.00 0.00 96.00 0.00 102.00 0.00 3.29247
4 72.00 0.00 126.00 0.00 90.00 0.00 96.00 0.00 1.77549
4 60.00 0.00 168.00 0.00 72.00 0.00 84.00 0.00 7.61562
4 60.00 0.00 114.00 0.00 102.00 0.00 108.00 0.00 14.5347
4 78.00 0.00 132.00 0.00 84.00 0.00 90.00 0.00 6.12454
4 87.00 0.00 114.00 0.00 90.00 0.00 93.00 0.00 16.7156
4 6.00 0.00 168.00 0.00 96.00 0.00 114.00 0.00 0.422302
4 78.00 0.00 105.00 0.00 99.00 0.00 102.00 0.00 23.5938
4 81.00 0.00 108.00 0.00 96.00 0.00 99.00 0.00 4.72499
4 75.00 0.00 129.00 0.00 87.00 0.00 93.00 0.00 2.40219
4 24.00 0.00 186.00 0.00 78.00 0.00 96.00 0.00 0.21092
4 6.00 0.00 240.00 0.00 60.00 0.00 78.00 0.00 0.233062
4 24.00 0.00 222.00 0.00 60.00 0.00 78.00 0.00 0.361688
4 6.00 0.00 204.00 0.00 78.00 0.00 96.00 0.00 0.134698
4 42.00 0.00 204.00 0.00 60.00 0.00 78.00 0.00 0.95783
4 69.00 0.00 123.00 0.00 93.00 0.00 99.00 0.00 1.85637
4 84.00 0.00 111.00 0.00 96.00 0.00 99.00 0.00 3.59831
4 81.00 0.00 108.00 0.00 99.00 0.00 102.00 0.00 9.40869
4 87.00 0.00 114.00 0.00 93.00 0.00 96.00 0.00 3.85815
4 30.00 0.00 210.00 0.00 66.00 0.00 84.00 0.00 0.390673
4 12.00 0.00 192.00 0.00 84.00 0.00 102.00 0.00 0.151924
4 12.00 0.00 228.00 0.00 66.00 0.00 84.00 0.00 0.253223
4 90.00 0.00 117.00 0.00 93.00 0.00 96.00 0.00 13.0525
4 18.00 0.00 180.00 0.00 90.00 0.00 108.00 0.00 0.223117
4 0.00 0.00 162.00 0.00 108.00 0.00 126.00 0.00 0.982096
4 63.00 0.00 117.00 0.00 105.00 0.00 111.00 0.00 13.8197
4 72.00 0.00 126.00 0.00 96.00 0.00 102.00 0.00 2.41803
4 66.00 0.00 120.00 0.00 102.00 0.00 108.00 0.00 6.79363
4 78.00 0.00 132.00 0.00 90.00 0.00 96.00 0.00 2.55041
4 81.00 0.00 108.00 0.00 102.00 0.00 105.00 0.00 17.1974
4 84.00 0.00 111.00 0.00 99.00 0.00 102.00 0.00 6.00377
4 87.00 0.00 114.00 0.00 96.00 0.00 99.00 0.00 3.43803
4 69.00 0.00 123.00 0.00 99.00 0.00 105.00 0.00 3.60359
4 81.00 0.00 135.00 0.00 87.00 0.00 93.00 0.00 4.92047
4 36.00 0.00 234.00 0.00 54.00 0.00 72.00 0.00 0.530414
4 0.00 0.00 198.00 0.00 90.00 0.00 108.00 0.00 0.139599
4 0.00 0.00 234.00 0.00 72.00 0.00 90.00 0.00 0.166281
4 18.00 0.00 216.00 0.00 72.00 0.00 90.00 0.00 0.230799
4 36.00 0.00 198.00 0.00 72.00 0.00 90.00 0.00 0.349961
4 75.00 0.00 129.00 0.00 93.00 0.00 99.00 0.00 1.74444
4 63.00 0.00 171.00 0.00 75.00 0.00 87.00 0.00 6.80905
4 90.00 0.00 117.00 0.00 96.00 0.00 99.00 0.00 5.06528
4 84.00 0.00 111.00 0.00 102.00 0.00 105.00 0.00 8.47653
4 87.00 0.00 114.00 0.00 99.00 0.00 102.00 0.00 4.51774
4 24.00 0.00 240.00 0.00 60.00 0.00 78.00 0.00 0.338202
4 6.00 0.00 186.00 0.00 96.00 0.00 114.00 0.00 0.220279
4 24.00 0.00 204.00 0.00 78.00 0.00 96.00 0.00 0.164416
4 6.00 0.00 222.00 0.00 78.00 0.00 96.00 0.00 0.119347
4 42.00 0.00 222.00 0.00 60.00 0.00 78.00 0.00 0.930359
4 90.00 0.00 117.00 0.00 99.00 0.00 102.00 0.00 4.30506
4 36.00 0.00 144.00 0.00 108.00 0.00 120.00 0.00 2.21567
4 60.00 0.00 168.00 0.00 84.00 0.00 96.00 0.00 1.14702
4 30.00 0.00 138.00 0.00 114.00 0.00 126.00 0.00 7.43051
4 66.00 0.00 174.00 0.00 78.00 0.00 90.00 0.00 4.44053
4 93.00 0.00 120.00 0.00 96.00 0.00 99.00 0.00 18.6034
4 54.00 0.00 162.00 0.00 90.00 0.00 102.00 0.00 0.624751
4 84.00 0.00 111.00 0.00 105.00 0.00 108.00 0.00 20.5921
4 12.00 0.00 174.00 0.00 102.00 0.00 120.00 0.00 0.390194
4 42.00 0.00 150.00 0.00 102.00 0.00 114.00 0.00 0.898029
4 48.00 0.00 156.00 0.00 96.00 0.00 108.00 0.00 0.509068
4 72.00 0.00 126.00 0.00 102.00 0.00 108.00 0.00 4.01291
4 78.00 0.00 132.00 0.00 96.00 0.00 102.00 0.00 2.19042
4 84.00 0.00 138.00 0.00 90.00 0.00 96.00 0.00 5.08426
4 66.00 0.00 120.00 0.00 108.00 0.00 114.00 0.00 14.9064
4 87.00 0.00 114.00 0.00 102.00 0.00 105.00 0.00 5.378
4 81.00 0.00 135.00 0.00 93.00 0.00 99.00 0.00 2.12848
4 69.00 0.00 123.00 0.00 105.00 0.00 111.00 0.00 7.12204
4 12.00 0.00 210.00 0.00 84.00 0.00 102.00 0.00 0.113845
4 30.00 0.00 192.00 0.00 84.00 0.00 102.00 0.00 0.171786
4 30.00 0.00 228.00 0.00 66.00 0.00 84.00 0.00 0.365111
4 75.00 0.00 129.00 0.00 99.00 0.00 105.00 0.00 2.48647
4 48.00 0.00 210.00 0.00 66.00 0.00 84.00 0.00 2.07965
4 90.00 0.00 117.00 0.00 102.00 0.00 105.00 0.00 4.00087
4 0.00 0.00 180.00 0.00 108.00 0.00 126.00 0.00 0.351737
4 93.00 0.00 120.00 0.00 99.00 0.00 102.00 0.00 7.64517
4 87.00 0.00 114.00 0.00 105.00 0.00 108.00 0.00 10.1366
4 18.00 0.00 198.00 0.00 90.00 0.00 108.00 0.00 0.151959
4 36.00 0.00 216.00 0.00 72.00 0.00 90.00 0.00 0.315007
4 0.00 0.00 216.00 0.00 90.00 0.00 108.00 0.00 0.109935
4 18.00 0.00 234.00 0.00 72.00 0.00 90.00 0.00 0.209931
4 93.00 0.00 120.00 0.00 102.00 0.00 105.00 0.00 4.27541
4 90.00 0.00 117.00 0.00 105.00 0.00 108.00 0.00 6.50573
4 6.00 0.00 168.00 0.00 114.00 0.00 132.00 0.00 0.768275
4 72.00 0.00 126.00 0.00 108.00 0.00 114.00 0.00 7.24516
4 84.00 0.00 138.00 0.00 96.00 0.00 102.00 0.00 2.40329
4 78.00 0.00 132.00 0.00 102.00 0.00 108.00 0.00 2.63061
4 87.00 0.00 114.00 0.00 108.00 0.00 111.00 0.00 17.7362
4 96.00 0.00 123.00 0.00 99.00 0.00 102.00 0.00 18.7623
4 81.00 0.00 135.00 0.00 99.00 0.00 105.00 0.00 2.08142
4 75.00 0.00 129.00 0.00 105.00 0.00 111.00 0.00 4.05201
4 69.00 0.00 123.00 0.00 111.00 0.00 117.00 0.00 16.0883
4 87.00 0.00 141.00 0.00 93.00 0.00 99.00 0.00 4.89559
4 42.00 0.00 240.00 0.00 60.00 0.00 78.00 0.00 0.907189
4 6.00 0.00 240.00 0.00 78.00 0.00 96.00 0.00 0.105842
4 6.00 0.00 204.00 0.00 96.00 0.00 114.00 0.00 0.142254
4 69.00 0.00 177.00 0.00 81.00 0.00 93.00 0.00 4.29129
4 42.00 0.00 204.00 0.00 78.00 0.00 96.00 0.00 0.253133
4 24.00 0.00 222.00 0.00 78.00 0.00 96.00 0.00 0.148445
4 63.00 0.00 171.00 0.00 87.00 0.00 99.00 0.00 1.05985
4 24.00 0.00 186.00 0.00 96.00 0.00 114.00 0.00 0.232844
4 93.00 0.00 120.00 0.00 105.00 0.00 108.00 0.00 5.49182
4 90.00 0.00 117.00 0.00 108.00 0.00 111.00 0.00 8.31785
4 96.00 0.00 123.00 0.00 102.00 0.00 105.00 0.00 6.21619
4 48.00 0.00 228.00 0.00 66.00 0.00 84.00 0.00 2.05415
4 12.00 0.00 192.00 0.00 102.00 0.00 120.00 0.00 0.222762
4 12.00 0.00 228.00 0.00 84.00 0.00 102.00 0.00 0.0995809
4 30.00 0.00 210.00 0.00 84.00 0.00 102.00 0.00 0.134891
4 90.00 0.00 117.00 0.00 111.00 0.00 114.00 0.00 17.809
4 0.00 0.00 162.00 0.00 126.00 0.00 144.00 0.00 2.62191
4 54.00 0.00 162.00 0.00 102.00 0.00 114.00 0.00 0.63113
4 18.00 0.00 180.00 0.00 108.00 0.00 126.00 0.00 0.361179
4 36.00 0.00 144.00 0.00 120.00 0.00 132.00 0.00 5.1092
4 72.00 0.00 126.00 0.00 114.00 0.00 120.00 0.00 14.2285
4 66.00 0.00 174.00 0.00 90.00 0.00 102.00 0.00 1.15188
4 93.00 0.00 120.00 0.00 108.00 0.00 111.00 0.00 6.0292
4 48.00 0.00 156.00 0.00 108.00 0.00 120.00 0.00 0.855281
4 42.00 0.00 150.00 0.00 114.00 0.00 126.00 0.00 1.67727
4 72.00 0.00 180.00 0.00 84.00 0.00 96.00 0.00 3.4303
4 84.00 0.00 138.00 0.00 102.00 0.00 108.00 0.00 2.01564
4 78.00 0.00 132.00 0.00 108.00 0.00 114.00 0.00 3.9395
4 90.00 0.00 144.00 0.00 96.00 0.00 102.00 0.00 6.02304
4 60.00 0.00 168.00 0.00 96.00 0.00 108.00 0.00 0.678393
4 96.00 0.00 123.00 0.00 105.00 0.00 108.00 0.00 5.57274
4 87.00 0.00 141.00 0.00 99.00 0.00 105.00 0.00 2.28949
4 75.00 0.00 129.00 0.00 111.00 0.00 117.00 0.00 7.41541
4 36.00 0.00 234.00 0.00 72.00 0.00 90.00 0.00 0.294008
4 81.00 0.00 135.00 0.00 105.00 0.00 111.00 0.00 2.57798
4 36.00 0.00 198.00 0.00 90.00 0.00 108.00 0.00 0.169594
4 18.00 0.00 216.00 0.00 90.00 0.00 108.00 0.00 0.122543
4 99.00 0.00 126.00 0.00 102.00 0.00 105.00 0.00 16.2679
4 54.00 0.00 216.00 0.00 72.00 0.00 90.00 0.00 4.13583
4 0.00 0.00 234.00 0.00 90.00 0.00 108.00 0.00 0.0950182
4 0.00 0.00 198.00 0.00 108.00 0.00 126.00 0.00 0.207433
4 93.00 0.00 120.00 0.00 111.00 0.00 114.00 0.00 10.0282
4 96.00 0.00 123.00 0.00 108.00 0.00 111.00 0.00 4.92321
4 99.00 0.00 126.00 0.00 105.00 0.00 108.00 0.00 8.81152
4 24.00 0.00 204.00 0.00 96.00 0.00 114.00 0.00 0.154989
4 42.00 0.00 222.00 0.00 78.00 0.00 96.00 0.00 0.237334
4 24.00 0.00 240.00 0.00 78.00 0.00 96.00 0.00 0.134997
4 6.00 0.00 222.00 0.00 96.00 0.00 114.00 0.00 0.118381
4 6.00 0.00 186.00 0.00 114.00 0.00 132.00 0.00 0.329218
4 93.00 0.00 120.00 0.00 114.00 0.00 117.00 0.00 19.7575
4 12.00 0.00 174.00 0.00 120.00 0.00 138.00 0.00 0.617392
4 84.00 0.00 138.00 0.00 108.00 0.00 114.00 0.00 2.46121
4 78.00 0.00 132.00 0.00 114.00 0.00 120.00 0.00 6.17536
4 90.00 0.00 144.00 0.00 102.00 0.00 108.00 0.00 2.16876
4 102.00 0.00 129.00 0.00 105.00 0.00 108.00 0.00 22.5198
4 96.00 0.00 123.00 0.00 111.00 0.00 114.00 0.00 7.0515
4 87.00 0.00 141.00 0.00 105.00 0.00 111.00 0.00 1.95462
4 81.00 0.00 135.00 0.00 111.00 0.00 117.00 0.00 3.95964
4 75.00 0.00 129.00 0.00 117.00 0.00 123.00 0.00 13.0795
4 93.00 0.00 147.00 0.00 99.00 0.00 105.00 0.00 8.07884
4 30.00 0.00 228.00 0.00 84.00 0.00 102.00 0.00 0.120105
4 12.00 0.00 210.00 0.00 102.00 0.00 120.00 0.00 0.15036
4 30.00 0.00 192.00 0.00 102.00 0.00 120.00 0.00 0.235508
4 48.00 0.00 210.00 0.00 84.00 0.00 102.00 0.00 0.305948
4 63.00 0.00 171.00 0.00 99.00 0.00 111.00 0.00 0.681569
4 69.00 0.00 177.00 0.00 93.00 0.00 105.00 0.00 1.16138
4 99.00 0.00 126.00 0.00 108.00 0.00 111.00 0.00 5.22342
4 0.00 0.00 180.00 0.00 126.00 0.00 144.00 0.00 0.611741
4 99.00 0.00 126.00 0.00 111.00 0.00 114.00 0.00 5.93028
4 96.00 0.00 123.00 0.00 114.00 0.00 117.00 0.00 10.4483
4 102.00 0.00 129.00 0.00 108.00 0.00 111.00 0.00 8.00298
4 54.00 0.00 234.00 0.00 72.00 0.00 90.00 0.00 4.11527
4 36.00 0.00 216.00 0.00 90.00 0.00 108.00 0.00 0.138885
4 0.00 0.00 216.00 0.00 108.00 0.00 126.00 0.00 0.152984
4 18.00 0.00 234.00 0.00 90.00 0.00 108.00 0.00 0.105799
4 18.00 0.00 198.00 0.00 108.00 0.00 126.00 0.00 0.215292
4 60.00 0.00 168.00 0.00 108.00 0.00 120.00 0.00 0.643988
4 48.00 0.00 156.00 0.00 120.00 0.00 132.00 0.00 1.34925
4 54.00 0.00 162.00 0.00 114.00 0.00 126.00 0.00 0.863631
4 72.00 0.00 180.00 0.00 96.00 0.00 108.00 0.00 1.26234
4 6.00 0.00 168.00 0.00 132.00 0.00 150.00 0.00 2.61963
4 96.00 0.00 150.00 0.00 102.00 0.00 108.00 0.00 7.30864
4 90.00 0.00 144.00 0.00 108.00 0.00 114.00 0.00 1.79753
4 42.00 0.00 150.00 0.00 126.00 0.00 138.00 0.00 4.0712
4 84.00 0.00 138.00 0.00 114.00 0.00 120.00 0.00 3.35695
4 78.00 0.00 132.00 0.00 120.00 0.00 126.00 0.00 12.3235
4 66.00 0.00 174.00 0.00 102.00 0.00 114.00 0.00 0.686173
4 96.00 0.00 123.00 0.00 117.00 0.00 120.00 0.00 15.969
4 93.00 0.00 147.00 0.00 105.00 0.00 111.00 0.00 2.57669
4 81.00 0.00 135.00 0.00 117.00 0.00 123.00 0.00 5.2736
4 99.00 0.00 126.00 0.00 114.00 0.00 117.00 0.00 7.40428
4 87.00 0.00 141.00 0.00 111.00 0.00 117.00 0.00 2.45341
4 102.00 0.00 129.00 0.00 111.00 0.00 114.00 0.00 6.43035
4 6.00 0.00 240.00 0.00 96.00 0.00 114.00 0.00 0.102704
4 24.00 0.00 222.00 0.00 96.00 0.00 114.00 0.00 0.131389
4 78.00 0.00 186.00 0.00 90.00 0.00 102.00 0.00 3.41085
4 105.00 0.00 132.00 0.00 108.00 0.00 111.00 0.00 16.2459
4 24.00 0.00 186.00 0.00 114.00 0.00 132.00 0.00 0.337255
4 6.00 0.00 204.00 0.00 114.00 0.00 132.00 0.00 0.191663
4 42.00 0.00 204.00 0.00 96.00 0.00 114.00 0.00 0.179582
4 60.00 0.00 222.00 0.00 78.00 0.00 96.00 0.00 2.83943
4 42.00 0.00 240.00 0.00 78.00 0.00 96.00 0.00 0.224162
4 105.00 0.00 132.00 0.00 111.00 0.00 114.00 0.00 8.7673
4 99.00 0.00 126.00 0.00 117.00 0.00 120.00 0.00 8.57998
4 102.00 0.00 129.00 0.00 114.00 0.00 117.00 0.00 6.36397
4 30.00 0.00 210.00 0.00 102.00 0.00 120.00 0.00 0.164102
4 48.00 0.00 228.00 0.00 84.00 0.00 102.00 0.00 0.291179
4 12.00 0.00 192.00 0.00 120.00 0.00 138.00 0.00 0.303905
4 12.00 0.00 228.00 0.00 102.00 0.00 120.00 0.00 0.127784
4 18.00 0.00 180.00 0.00 126.00 0.00 144.00 0.00 0.617833
4 84.00 0.00 138.00 0.00 120.00 0.00 126.00 0.00 5.03224
4 90.00 0.00 144.00 0.00 114.00 0.00 120.00 0.00 1.99851
4 96.00 0.00 150.00 0.00 108.00 0.00 114.00 0.00 2.61795
4 102.00 0.00 129.00 0.00 117.00 0.00 120.00 0.00 5.9922
4 99.00 0.00 126.00 0.00 120.00 0.00 123.00 0.00 19.6242
4 93.00 0.00 147.00 0.00 111.00 0.00 117.00 0.00 2.04022
4 99.00 0.00 153.00 0.00 105.00 0.00 111.00 0.00 9.41692
4 81.00 0.00 135.00 0.00 123.00 0.00 129.00 0.00 11.907
4 63.00 0.00 171.00 0.00 111.00 0.00 123.00 0.00 0.659343
4 0.00 0.00 198.00 0.00 126.00 0.00 144.00 0.00 0.304367
4 0.00 0.00 234.00 0.00 108.00 0.00 126.00 0.00 0.128207
4 36.00 0.00 198.00 0.00 108.00 0.00 126.00 0.00 0.226814
4 18.00 0.00 216.00 0.00 108.00 0.00 126.00 0.00 0.161739
4 105.00 0.00 132.00 0.00 114.00 0.00 117.00 0.00 6.70057
4 87.00 0.00 141.00 0.00 117.00 0.00 123.00 0.00 2.78039
4 36.00 0.00 234.00 0.00 90.00 0.00 108.00 0.00 0.122726
4 69.00 0.00 177.00 0.00 105.00 0.00 117.00 0.00 0.800308
4 54.00 0.00 216.00 0.00 90.00 0.00 108.00 0.00 0.588112
4 108.00 0.00 135.00 0.00 111.00 0.00 114.00 0.00 18.7371
4 102.00 0.00 129.00 0.00 120.00 0.00 123.00 0.00 9.24406
4 108.00 0.00 135.00 0.00 114.00 0.00 117.00 0.00 9.67382
4 60.00 0.00 240.00 0.00 78.00 0.00 96.00 0.00 2.827
4 6.00 0.00 186.00 0.00 132.00 0.00 150.00 0.00 0.705676
4 24.00 0.00 240.00 0.00 96.00 0.00 114.00 0.00 0.114379
4 42.00 0.00 222.00 0.00 96.00 0.00 114.00 0.00 0.156913
4 6.00 0.00 222.00 0.00 114.00 0.00 132.00 0.00 0.155407
4 24.00 0.00 204.00 0.00 114.00 0.00 132.00 0.00 0.200239
4 105.00 0.00 132.00 0.00 117.00 0.00 120.00 0.00 5.09225
4 72.00 0.00 180.00 0.00 108.00 0.00 120.00 0.00 0.801971
4 66.00 0.00 174.00 0.00 114.00 0.00 126.00 0.00 0.647904
4 48.00 0.00 156.00 0.00 132.00 0.00 144.00 0.00 4.10926
4 60.00 0.00 168.00 0.00 120.00 0.00 132.00 0.00 0.744672
4 12.00 0.00 174.00 0.00 138.00 0.00 156.00 0.00 2.45052
4 102.00 0.00 156.00 0.00 108.00 0.00 114.00 0.00 9.90741
4 90.00 0.00 144.00 0.00 120.00 0.00 126.00 0.00 2.42671
4 84.00 0.00 138.00 0.00 126.00 0.00 132.00 0.00 11.8146
4 96.00 0.00 150.00 0.00 114.00 0.00 120.00 0.00 1.96969
4 54.00 0.00 162.00 0.00 126.00 0.00 138.00 0.00 1.28378
4 87.00 0.00 141.00 0.00 123.00 0.00 129.00 0.00 4.4758
4 102.00 0.00 129.00 0.00 123.00 0.00 126.00 0.00 20.4257
4 108.00 0.00 135.00 0.00 117.00 0.00 120.00 0.00 5.72288
4 99.00 0.00 153.00 0.00 111.00 0.00 117.00 0.00 3.4469
4 30.00 0.00 228.00 0.00 102.00 0.00 120.00 0.00 0.141107
4 93.00 0.00 147.00 0.00 117.00 0.00 123.00 0.00 1.81012
4 12.00 0.00 210.00 0.00 120.00 0.00 138.00 0.00 0.187147
4 66.00 0.00 228.00 0.00 84.00 0.00 102.00 0.00 2.13064
4 111.00 0.00 138.00 0.00 114.00 0.00 117.00 0.00 18.6586
4 30.00 0.00 192.00 0.00 120.00 0.00 138.00 0.00 0.31266
4 48.00 0.00 210.00 0.00 102.00 0.00 120.00 0.00 0.233516
4 78.00 0.00 186.00 0.00 102.00 0.00 114.00 0.00 1.34348
4 84.00 0.00 192.00 0.00 96.00 0.00 108.00 0.00 2.83979
4 105.00 0.00 132.00 0.00 120.00 0.00 123.00 0.00 6.19831
4 0.00 0.00 180.00 0.00 144.00 0.00 162.00 0.00 2.59667
4 111.00 0.00 138.00 0.00 117.00 0.00 120.00 0.00 7.67077
4 18.00 0.00 198.00 0.00 126.00 0.00 144.00 0.00 0.311012
4 0.00 0.00 216.00 0.00 126.00 0.00 144.00 0.00 0.204866
4 54.00 0.00 234.00 0.00 90.00 0.00 108.00 0.00 0.572777
4 36.00 0.00 216.00 0.00 108.00 0.00 126.00 0.00 0.172862
4 18.00 0.00 234.00 0.00 108.00 0.00 126.00 0.00 0.137738
4 105.00 0.00 132.00 0.00 123.00 0.00 126.00 0.00 8.85474
4 108.00 0.00 135.00 0.00 120.00 0.00 123.00 0.00 5.66123
4 96.00 0.00 150.00 0.00 120.00 0.00 126.00 0.00 1.84975
4 102.00 0.00 156.00 0.00 114.00 0.00 120.00 0.00 4.06378
4 90.00 0.00 144.00 0.00 126.00 0.00 132.00 0.00 3.68777
4 105.00 0.00 132.00 0.00 126.00 0.00 129.00 0.00 21.461
4 108.00 0.00 135.00 0.00 123.00 0.00 126.00 0.00 6.35742
4 105.00 0.00 159.00 0.00 111.00 0.00 117.00 0.00 11.013
4 99.00 0.00 153.00 0.00 117.00 0.00 123.00 0.00 2.05856
4 93.00 0.00 147.00 0.00 123.00 0.00 129.00 0.00 2.27196
4 111.00 0.00 138.00 0.00 120.00 0.00 123.00 0.00 6.31188
4 69.00 0.00 177.00 0.00 117.00 0.00 129.00 0.00 0.680401
4 42.00 0.00 240.00 0.00 96.00 0.00 114.00 0.00 0.140019
4 6.00 0.00 240.00 0.00 114.00 0.00 132.00 0.00 0.131145
4 114.00 0.00 141.00 0.00 117.00 0.00 120.00 0.00 15.1997
4 24.00 0.00 222.00 0.00 114.00 0.00 132.00 0.00 0.164368
4 63.00 0.00 171.00 0.00 123.00 0.00 135.00 0.00 0.724589
4 60.00 0.00 222.00 0.00 96.00 0.00 114.00 0.00 0.680057
4 87.00 0.00 141.00 0.00 129.00 0.00 135.00 0.00 11.4231
4 24.00 0.00 186.00 0.00 132.00 0.00 150.00 0.00 0.713116
4 42.00 0.00 204.00 0.00 114.00 0.00 132.00 0.00 0.216742
4 6.00 0.00 204.00 0.00 132.00 0.00 150.00 0.00 0.323541
4 111.00 0.00 138.00 0.00 123.00 0.00 126.00 0.00 5.90177
4 30.00 0.00 210.00 0.00 120.00 0.00 138.00 0.00 0.195789
4 12.00 0.00 192.00 0.00 138.00 0.00 156.00 0.00 0.772617
4 12.00 0.00 228.00 0.00 120.00 0.00 138.00 0.00 0.155199
4 48.00 0.00 228.00 0.00 102.00 0.00 120.00 0.00 0.210626
4 114.00 0.00 141.00 0.00 120.00 0.00 123.00 0.00 8.93882
4 108.00 0.00 135.00 0.00 126.00 0.00 129.00 0.00 9.10703
4 60.00 0.00 168.00 0.00 132.00 0.00 144.00 0.00 1.27658
4 108.00 0.00 162.00 0.00 114.00 0.00 120.00 0.00 11.7702
4 54.00 0.00 162.00 0.00 138.00 0.00 150.00 0.00 5.13598
4 18.00 0.00 180.00 0.00 144.00 0.00 162.00 0.00 2.60211
4 66.00 0.00 174.00 0.00 126.00 0.00 138.00 0.00 0.677502
4 102.00 0.00 156.00 0.00 120.00 0.00 126.00 0.00 2.63639
4 72.00 0.00 180.00 0.00 120.00 0.00 132.00 0.00 0.715794
4 90.00 0.00 144.00 0.00 132.00 0.00 138.00 0.00 9.93323
4 96.00 0.00 150.00 0.00 126.00 0.00 132.00 0.00 2.06193
4 117.00 0.00 144.00 0.00 120.00 0.00 123.00 0.00 17.9967
4 114.00 0.00 141.00 0.00 123.00 0.00 126.00 0.00 6.84489
4 108.00 0.00 135.00 0.00 129.00 0.00 132.00 0.00 22.2037
4 105.00 0.00 159.00 0.00 117.00 0.00 123.00 0.00 4.22105
4 93.00 0.00 147.00 0.00 129.00 0.00 135.00 0.00 3.5653
4 111.00 0.00 138.00 0.00 126.00 0.00 129.00 0.00 6.48742
4 78.00 0.00 186.00 0.00 114.00 0.00 126.00 0.00 0.981913
4 72.00 0.00 234.00 0.00 90.00 0.00 108.00 0.00 2.29965
4 36.00 0.00 234.00 0.00 108.00 0.00 126.00 0.00 0.147833
4 18.00 0.00 216.00 0.00 126.00 0.00 144.00 0.00 0.211001
4 99.00 0.00 153.00 0.00 123.00 0.00 129.00 0.00 1.94025
4 36.00 0.00 198.00 0.00 126.00 0.00 144.00 0.00 0.318888
4 54.00 0.00 216.00 0.00 108.00 0.00 126.00 0.00 0.373406
4 0.00 0.00 234.00 0.00 126.00 0.00 144.00 0.00 0.161283
4 84.00 0.00 192.00 0.00 108.00 0.00 120.00 0.00 1.32273
4 90.00 0.00 198.00 0.00 102.00 0.00 114.00 0.00 2.60007
4 0.00 0.00 198.00 0.00 144.00 0.00 162.00 0.00 0.795551
4 117.00 0.00 144.00 0.00 123.00 0.00 126.00 0.00 9.71642
4 114.00 0.00 141.00 0.00 126.00 0.00 129.00 0.00 6.1038
4 60.00 0.00 240.00 0.00 96.00 0.00 114.00 0.00 0.663739
4 24.00 0.00 204.00 0.00 132.00 0.00 150.00 0.00 0.330504
4 6.00 0.00 186.00 0.00 150.00 0.00 168.00 0.00 3.21386
4 24.00 0.00 240.00 0.00 114.00 0.00 132.00 0.00 0.140509
4 6.00 0.00 222.00 0.00 132.00 0.00 150.00 0.00 0.241987
4 111.00 0.00 138.00 0.00 129.00 0.00 132.00 0.00 9.34404
4 42.00 0.00 222.00 0.00 114.00 0.00 132.00 0.00 0.181515
4 108.00 0.00 162.00 0.00 120.00 0.00 126.00 0.00 5.40867
4 102.00 0.00 156.00 0.00 126.00 0.00 132.00 0.00 2.15868
4 96.00 0.00 150.00 0.00 132.00 0.00 138.00 0.00 3.16655
4 114.00 0.00 141.00 0.00 129.00 0.00 132.00 0.00 6.2961
4 105.00 0.00 159.00 0.00 123.00 0.00 129.00 0.00 3.05497
4 99.00 0.00 153.00 0.00 129.00 0.00 135.00 0.00 1.97304
4 48.00 0.00 210.00 0.00 120.00 0.00 138.00 0.00 0.239441
4 66.00 0.00 228.00 0.00 102.00 0.00 120.00 0.00 0.748358
4 93.00 0.00 147.00 0.00 135.00 0.00 141.00 0.00 13.3016
4 117.00 0.00 144.00 0.00 126.00 0.00 129.00 0.00 7.21885
4 12.00 0.00 210.00 0.00 138.00 0.00 156.00 0.00 0.374371
4 30.00 0.00 228.00 0.00 120.00 0.00 138.00 0.00 0.162705
4 111.00 0.00 138.00 0.00 132.00 0.00 135.00 0.00 24.7374
4 30.00 0.00 192.00 0.00 138.00 0.00 156.00 0.00 0.778501
4 63.00 0.00 171.00 0.00 135.00 0.00 147.00 0.00 1.28845
4 69.00 0.00 177.00 0.00 129.00 0.00 141.00 0.00 0.719736
4 120.00 0.00 147.00 0.00 123.00 0.00 126.00 0.00 17.0645
4 111.00 0.00 165.00 0.00 117.00 0.00 123.00 0.00 10.8966
4 117.00 0.00 144.00 0.00 129.00 0.00 132.00 0.00 5.96333
4 114.00 0.00 141.00 0.00 132.00 0.00 135.00 0.00 9.51267
4 36.00 0.00 216.00 0.00 126.00 0.00 144.00 0.00 0.218947
4 0.00 0.00 216.00 0.00 144.00 0.00 162.00 0.00 0.439736
4 18.00 0.00 234.00 0.00 126.00 0.00 144.00 0.00 0.168328
4 18.00 0.00 198.00 0.00 144.00 0.00 162.00 0.00 0.800019
4 120.00 0.00 147.00 0.00 126.00 0.00 129.00 0.00 9.89078
4 54.00 0.00 234.00 0.00 108.00 0.00 126.00 0.00 0.349542
4 66.00 0.00 174.00 0.00 138.00 0.00 150.00 0.00 1.35475
4 102.00 0.00 156.00 0.00 132.00 0.00 138.00 0.00 2.0211
4 108.00 0.00 162.00 0.00 126.00 0.00 132.00 0.00 3.56135
4 114.00 0.00 168.00 0.00 120.00 0.00 126.00 0.00 13.0462
4 96.00 0.00 150.00 0.00 138.00 0.00 144.00 0.00 13.9771
4 72.00 0.00 180.00 0.00 132.00 0.00 144.00 0.00 0.766986
4 60.00 0.00 168.00 0.00 144.00 0.00 156.00 0.00 4.76482
4 117.00 0.00 144.00 0.00 132.00 0.00 135.00 0.00 6.15276
4 114.00 0.00 141.00 0.00 135.00 0.00 138.00 0.00 20.5302
4 99.00 0.00 153.00 0.00 135.00 0.00 141.00 0.00 3.15257
4 120.00 0.00 147.00 0.00 129.00 0.00 132.00 0.00 6.94926
4 60.00 0.00 222.00 0.00 114.00 0.00 132.00 0.00 0.47132
4 111.00 0.00 165.00 0.00 123.00 0.00 129.00 0.00 6.08047
4 6.00 0.00 204.00 0.00 150.00 0.00 168.00 0.00 0.852812
4 42.00 0.00 204.00 0.00 132.00 0.00 150.00 0.00 0.341512
4 6.00 0.00 240.00 0.00 132.00 0.00 150.00 0.00 0.188117
4 78.00 0.00 186.00 0.00 126.00 0.00 138.00 0.00 0.778568
4 42.00 0.00 240.00 0.00 114.00 0.00 132.00 0.00 0.155659
4 24.00 0.00 222.00 0.00 132.00 0.00 150.00 0.00 0.248505
4 105.00 0.00 159.00 0.00 129.00 0.00 135.00 0.00 2.30235
4 24.00 0.00 186.00 0.00 150.00 0.00 168.00 0.00 3.21967
4 78.00 0.00 240.00 0.00 96.00 0.00 114.00 0.00 2.4715
4 90.00 0.00 198.00 0.00 114.00 0.00 126.00 0.00 1.40161
4 84.00 0.00 192.00 0.00 120.00 0.00 132.00 0.00 0.991997
4 96.00 0.00 204.00 0.00 108.00 0.00 120.00 0.00 3.46445
4 123.00 0.00 150.00 0.00 126.00 0.00 129.00 0.00 20.4162
4 120.00 0.00 147.00 0.00 132.00 0.00 135.00 0.00 5.66986
4 123.00 0.00 150.00 0.00 129.00 0.00 132.00 0.00 10.1481
4 12.00 0.00 192.00 0.00 156.00 0.00 174.00 0.00 3.50082
4 48.00 0.00 228.00 0.00 120.00 0.00 138.00 0.00 0.20537
4 30.00 0.00 210.00 0.00 138.00 0.00 156.00 0.00 0.381046
4 12.00 0.00 228.00 0.00 138.00 0.00 156.00 0.00 0.280868
4 117.00 0.00 144.00 0.00 135.00 0.00 138.00 0.00 8.15499
4 102.00 0.00 156.00 0.00 138.00 0.00 144.00 0.00 3.55448
4 108.00 0.00 162.00 0.00 132.00 0.00 138.00 0.00 2.41662
4 114.00 0.00 168.00 0.00 126.00 0.00 132.00 0.00 6.85897
4 120.00 0.00 147.00 0.00 135.00 0.00 138.00 0.00 5.5741
4 99.00 0.00 153.00 0.00 141.00 0.00 147.00 0.00 11.2943
4 123.00 0.00 150.00 0.00 132.00 0.00 135.00 0.00 6.53715
4 54.00 0.00 216.00 0.00 126.00 0.00 144.00 0.00 0.355512
4 117.00 0.00 171.00 0.00 123.00 0.00 129.00 0.00 14.774
4 36.00 0.00 234.00 0.00 126.00 0.00 144.00 0.00 0.174949
4 0.00 0.00 234.00 0.00 144.00 0.00 162.00 0.00 0.322396
4 0.00 0.00 198.00 0.00 162.00 0.00 180.00 0.00 3.01214
4 18.00 0.00 216.00 0.00 144.00 0.00 162.00 0.00 0.444952
4 105.00 0.00 159.00 0.00 135.00 0.00 141.00 0.00 2.21043
4 126.00 0.00 153.00 0.00 129.00 0.00 132.00 0.00 21.9064
4 36.00 0.00 198.00 0.00 144.00 0.00 162.00 0.00 0.805685
4 72.00 0.00 234.00 0.00 108.00 0.00 126.00 0.00 0.947208
4 63.00 0.00 171.00 0.00 147.00 0.00 159.00 0.00 4.54817
4 111.00 0.00 165.00 0.00 129.00 0.00 135.00 0.00 3.69612
4 117.00 0.00 144.00 0.00 138.00 0.00 141.00 0.00 31.9721
4 69.00 0.00 177.00 0.00 141.00 0.00 153.00 0.00 1.40946
4 123.00 0.00 150.00 0.00 135.00 0.00 138.00 0.00 4.98521
4 60.00 0.00 240.00 0.00 114.00 0.00 132.00 0.00 0.44653
4 42.00 0.00 222.00 0.00 132.00 0.00 150.00 0.00 0.259307
4 120.00 0.00 147.00 0.00 138.00 0.00 141.00 0.00 11.8901
4 24.00 0.00 240.00 0.00 132.00 0.00 150.00 0.00 0.194552
4 126.00 0.00 153.00 0.00 132.00 0.00 135.00 0.00 9.40747
4 24.00 0.00 204.00 0.00 150.00 0.00 168.00 0.00 0.858686
4 6.00 0.00 222.00 0.00 150.00 0.00 168.00 0.00 0.563556
4 108.00 0.00 162.00 0.00 138.00 0.00 144.00 0.00 2.57409
4 120.00 0.00 174.00 0.00 126.00 0.00 132.00 0.00 14.9654
4 72.00 0.00 180.00 0.00 144.00 0.00 156.00 0.00 1.37914
4 114.00 0.00 168.00 0.00 132.00 0.00 138.00 0.00 3.73518
4 102.00 0.00 156.00 0.00 144.00 0.00 150.00 0.00 10.8295
4 66.00 0.00 174.00 0.00 150.00 0.00 162.00 0.00 4.55946
4 123.00 0.00 150.00 0.00 138.00 0.00 141.00 0.00 6.49654
4 120.00 0.00 147.00 0.00 141.00 0.00 144.00 0.00 40.3388
4 105.00 0.00 159.00 0.00 141.00 0.00 147.00 0.00 3.88886
4 117.00 0.00 171.00 0.00 129.00 0.00 135.00 0.00 7.15954
4 66.00 0.00 228.00 0.00 120.00 0.00 138.00 0.00 0.536214
4 129.00 0.00 156.00 0.00 132.00 0.00 135.00 0.00 22.2209
4 30.00 0.00 228.00 0.00 138.00 0.00 156.00 0.00 0.287315
4 126.00 0.00 153.00 0.00 135.00 0.00 138.00 0.00 5.80045
4 12.00 0.00 210.00 0.00 156.00 0.00 174.00 0.00 0.977573
4 90.00 0.00 198.00 0.00 126.00 0.00 138.00 0.00 0.953373
4 102.00 0.00 210.00 0.00 114.00 0.00 126.00 0.00 5.77878
4 84.00 0.00 192.00 0.00 132.00 0.00 144.00 0.00 0.803567
4 30.00 0.00 192.00 0.00 156.00 0.00 174.00 0.00 3.50718
4 111.00 0.00 165.00 0.00 135.00 0.00 141.00 0.00 2.47478
4 48.00 0.00 210.00 0.00 138.00 0.00 156.00 0.00 0.411006
4 78.00 0.00 186.00 0.00 138.00 0.00 150.00 0.00 0.921314
4 96.00 0.00 204.00 0.00 120.00 0.00 132.00 0.00 1.7297
4 123.00 0.00 150.00 0.00 141.00 0.00 144.00 0.00 11.8047
4 129.00 0.00 156.00 0.00 135.00 0.00 138.00 0.00 8.92338
4 18.00 0.00 234.00 0.00 144.00 0.00 162.00 0.00 0.326777
4 54.00 0.00 234.00 0.00 126.00 0.00 144.00 0.00 0.312974
4 18.00 0.00 198.00 0.00 162.00 0.00 180.00 0.00 3.01754
4 36.00 0.00 216.00 0.00 144.00 0.00 162.00 0.00 0.450138
4 126.00 0.00 153.00 0.00 138.00 0.00 141.00 0.00 5.35499
4 0.00 0.00 216.00 0.00 162.00 0.00 180.00 0.00 0.983883
4 108.00 0.00 162.00 0.00 144.00 0.00 150.00 0.00 4.20654
4 120.00 0.00 174.00 0.00 132.00 0.00 138.00 0.00 6.51869
4 114.00 0.00 168.00 0.00 138.00 0.00 144.00 0.00 2.79252
4 123.00 0.00 150.00 0.00 144.00 0.00 147.00 0.00 36.2838
4 117.00 0.00 171.00 0.00 135.00 0.00 141.00 0.00 3.85549
4 105.00 0.00 159.00 0.00 147.00 0.00 153.00 0.00 11.9374
4 60.00 0.00 222.00 0.00 132.00 0.00 150.00 0.00 0.444869
4 42.00 0.00 240.00 0.00 132.00 0.00 150.00 0.00 0.20598
4 24.00 0.00 222.00 0.00 150.00 0.00 168.00 0.00 0.569291
4 123.00 0.00 177.00 0.00 129.00 0.00 135.00 0.00 14.9942
4 129.00 0.00 156.00 0.00 138.00 0.00 141.00 0.00 6.37173
4 132.00 0.00 159.00 0.00 135.00 0.00 138.00 0.00 22.2031
4 42.00 0.00 204.00 0.00 150.00 0.00 168.00 0.00 0.866749
4 6.00 0.00 240.00 0.00 150.00 0.00 168.00 0.00 0.408138
4 78.00 0.00 240.00 0.00 114.00 0.00 132.00 0.00 1.19991
4 126.00 0.00 153.00 0.00 141.00 0.00 144.00 0.00 6.12373
4 6.00 0.00 204.00 0.00 168.00 0.00 186.00 0.00 2.07529
4 69.00 0.00 177.00 0.00 153.00 0.00 165.00 0.00 5.4662
4 111.00 0.00 165.00 0.00 141.00 0.00 147.00 0.00 2.51619
4 129.00 0.00 156.00 0.00 141.00 0.00 144.00 0.00 5.51036
4 126.00 0.00 153.00 0.00 144.00 0.00 147.00 0.00 8.97009
4 48.00 0.00 228.00 0.00 138.00 0.00 156.00 0.00 0.316318
4 12.00 0.00 228.00 0.00 156.00 0.00 174.00 0.00 0.662576
4 30.00 0.00 210.00 0.00 156.00 0.00 174.00 0.00 0.984268
4 132.00 0.00 159.00 0.00 138.00 0.00 141.00 0.00 9.99561
4 108.00 0.00 162.00 0.00 150.00 0.00 156.00 0.00 14.1427
4 114.00 0.00 168.00 0.00 144.00 0.00 150.00 0.00 2.46608
4 120.00 0.00 174.00 0.00 138.00 0.00 144.00 0.00 4.00334
4 126.00 0.00 180.00 0.00 132.00 0.00 138.00 0.00 13.8201
4 72.00 0.00 180.00 0.00 156.00 0.00 168.00 0.00 5.45491
4 129.00 0.00 156.00 0.00 144.00 0.00 147.00 0.00 5.20672
4 123.00 0.00 177.00 0.00 135.00 0.00 141.00 0.00 6.31237
4 117.00 0.00 171.00 0.00 141.00 0.00 147.00 0.00 2.6949
4 135.00 0.00 162.00 0.00 138.00 0.00 141.00 0.00 25.6401
4 36.00 0.00 234.00 0.00 144.00 0.00 162.00 0.00 0.332484
4 0.00 0.00 234.00 0.00 162.00 0.00 180.00 0.00 0.651154
4 72.00 0.00 234.00 0.00 126.00 0.00 144.00 0.00 0.662272
4 132.00 0.00 159.00 0.00 141.00 0.00 144.00 0.00 6.55887
4 84.00 0.00 192.00 0.00 144.00 0.00 156.00 0.00 0.912736
4 126.00 0.00 153.00 0.00 147.00 0.00 150.00 0.00 27.1894
4 36.00 0.00 198.00 0.00 162.00 0.00 180.00 0.00 3.02208
4 54.00 0.00 216.00 0.00 144.00 0.00 162.00 0.00 0.531994
4 108.00 0.00 216.00 0.00 120.00 0.00 132.00 0.00 8.18976
4 78.00 0.00 186.00 0.00 150.00 0.00 162.00 0.00 1.56757
4 90.00 0.00 198.00 0.00 138.00 0.00 150.00 0.00 0.808204
4 102.00 0.00 210.00 0.00 126.00 0.00 138.00 0.00 2.41864
4 96.00 0.00 204.00 0.00 132.00 0.00 144.00 0.00 1.02718
4 18.00 0.00 216.00 0.00 162.00 0.00 180.00 0.00 0.988448
4 111.00 0.00 165.00 0.00 147.00 0.00 153.00 0.00 3.88316
4 135.00 0.00 162.00 0.00 141.00 0.00 144.00 0.00 10.3809
4 132.00 0.00 159.00 0.00 144.00 0.00 147.00 0.00 4.64305
4 24.00 0.00 204.00 0.00 168.00 0.00 186.00 0.00 2.07978
4 60.00 0.00 240.00 0.00 132.00 0.00 150.00 0.00 0.392009
4 42.00 0.00 222.00 0.00 150.00 0.00 168.00 0.00 0.576796
4 6.00 0.00 222.00 0.00 168.00 0.00 186.00 0.00 0.890818
4 129.00 0.00 156.00 0.00 147.00 0.00 150.00 0.00 8.4583
4 24.00 0.00 240.00 0.00 150.00 0.00 168.00 0.00 0.414009
4 126.00 0.00 180.00 0.00 138.00 0.00 144.00 0.00 6.60154
4 120.00 0.00 174.00 0.00 144.00 0.00 150.00 0.00 2.31536
4 114.00 0.00 168.00 0.00 150.00 0.00 156.00 0.00 3.6963
4 132.00 0.00 159.00 0.00 147.00 0.00 150.00 0.00 5.44978
4 129.00 0.00 156.00 0.00 150.00 0.00 153.00 0.00 30.0072
4 138.00 0.00 165.00 0.00 141.00 0.00 144.00 0.00 23.0562
4 48.00 0.00 210.00 0.00 156.00 0.00 174.00 0.00 1.00736
4 135.00 0.00 162.00 0.00 144.00 0.00 147.00 0.00 5.39322
4 117.00 0.00 171.00 0.00 147.00 0.00 153.00 0.00 2.38366
4 30.00 0.00 228.00 0.00 156.00 0.00 174.00 0.00 0.66955
4 12.00 0.00 210.00 0.00 174.00 0.00 192.00 0.00 1.9189
4 66.00 0.00 228.00 0.00 138.00 0.00 156.00 0.00 0.5212
4 123.00 0.00 177.00 0.00 141.00 0.00 147.00 0.00 3.6238
4 111.00 0.00 165.00 0.00 153.00 0.00 159.00 0.00 13.0893
4 129.00 0.00 183.00 0.00 135.00 0.00 141.00 0.00 13.7574
4 36.00 0.00 216.00 0.00 162.00 0.00 180.00 0.00 0.9933
4 54.00 0.00 234.00 0.00 144.00 0.00 162.00 0.00 0.414259
4 18.00 0.00 234.00 0.00 162.00 0.00 180.00 0.00 0.655592
4 0.00 0.00 216.00 0.00 180.00 0.00 198.00 0.00 2.24512
4 132.00 0.00 159.00 0.00 150.00 0.00 153.00 0.00 9.06074
4 138.00 0.00 165.00 0.00 144.00 0.00 147.00 0.00 8.0565
4 135.00 0.00 162.00 0.00 147.00 0.00 150.00 0.00 4.78903
4 126.00 0.00 180.00 0.00 144.00 0.00 150.00 0.00 2.95066
4 114.00 0.00 168.00 0.00 156.00 0.00 162.00 0.00 13.667
4 120.00 0.00 174.00 0.00 150.00 0.00 156.00 0.00 2.05549
4 138.00 0.00 165.00 0.00 147.00 0.00 150.00 0.00 5.36766
4 132.00 0.00 186.00 0.00 138.00 0.00 144.00 0.00 14.7602
4 117.00 0.00 171.00 0.00 153.00 0.00 159.00 0.00 3.45897
4 123.00 0.00 177.00 0.00 147.00 0.00 153.00 0.00 2.20521
4 84.00 0.00 192.00 0.00 156.00 0.00 168.00 0.00 1.85139
4 6.00 0.00 240.00 0.00 168.00 0.00 186.00 0.00 0.564705
4 78.00 0.00 186.00 0.00 162.00 0.00 174.00 0.00 7.32658
4 42.00 0.00 204.00 0.00 168.00 0.00 186.00 0.00 2.08479
4 42.00 0.00 240.00 0.00 150.00 0.00 168.00 0.00 0.422409
4 24.00 0.00 222.00 0.00 168.00 0.00 186.00 0.00 0.895071
4 135.00 0.00 162.00 0.00 150.00 0.00 153.00 0.00 5.40798
4 102.00 0.00 210.00 0.00 138.00 0.00 150.00 0.00 1.21212
4 141.00 0.00 168.00 0.00 144.00 0.00 147.00 0.00 28.3677
4 60.00 0.00 222.00 0.00 150.00 0.00 168.00 0.00 0.699293
4 78.00 0.00 240.00 0.00 132.00 0.00 150.00 0.00 0.767613
4 108.00 0.00 216.00 0.00 132.00 0.00 144.00 0.00 3.00374
4 114.00 0.00 222.00 0.00 126.00 0.00 138.00 0.00 10.0087
4 132.00 0.00 159.00 0.00 153.00 0.00 156.00 0.00 47.0404
4 90.00 0.00 198.00 0.00 150.00 0.00 162.00 0.00 0.903978
4 96.00 0.00 204.00 0.00 144.00 0.00 156.00 0.00 0.759585
4 129.00 0.00 183.00 0.00 141.00 0.00 147.00 0.00 5.88759
4 141.00 0.00 168.00 0.00 147.00 0.00 150.00 0.00 10.9648
4 138.00 0.00 165.00 0.00 150.00 0.00 153.00 0.00 4.28093
4 48.00 0.00 228.00 0.00 156.00 0.00 174.00 0.00 0.692677
4 135.00 0.00 162.00 0.00 153.00 0.00 156.00 0.00 10.7964
4 12.00 0.00 228.00 0.00 174.00 0.00 192.00 0.00 0.84735
4 30.00 0.00 210.00 0.00 174.00 0.00 192.00 0.00 1.9232
4 120.00 0.00 174.00 0.00 156.00 0.00 162.00 0.00 3.6355
4 126.00 0.00 180.00 0.00 150.00 0.00 156.00 0.00 1.86657
4 144.00 0.00 171.00 0.00 147.00 0.00 150.00 0.00 39.7421
4 135.00 0.00 162.00 0.00 156.00 0.00 159.00 0.00 49.7077
4 138.00 0.00 165.00 0.00 153.00 0.00 156.00 0.00 4.56562
4 141.00 0.00 168.00 0.00 150.00 0.00 153.00 0.00 5.66946
4 132.00 0.00 186.00 0.00 144.00 0.00 150.00 0.00 4.68133
4 123.00 0.00 177.00 0.00 153.00 0.00 159.00 0.00 1.90086
4 0.00 0.00 234.00 0.00 180.00 0.00 198.00 0.00 0.969179
4 18.00 0.00 216.00 0.00 180.00 0.00 198.00 0.00 2.2475
4 54.00 0.00 216.00 0.00 162.00 0.00 180.00 0.00 1.06209
4 36.00 0.00 234.00 0.00 162.00 0.00 180.00 0.00 0.660642
4 117.00 0.00 171.00 0.00 159.00 0.00 165.00 0.00 14.6342
4 72.00 0.00 234.00 0.00 144.00 0.00 162.00 0.00 0.600673
4 129.00 0.00 183.00 0.00 147.00 0.00 153.00 0.00 2.76393
4 135.00 0.00 189.00 0.00 141.00 0.00 147.00 0.00 13.7952
4 144.00 0.00 171.00 0.00 150.00 0.00 153.00 0.00 11.5739
4 138.00 0.00 165.00 0.00 156.00 0.00 159.00 0.00 9.95124
4 24.00 0.00 240.00 0.00 168.00 0.00 186.00 0.00 0.568689
4 42.00 0.00 222.00 0.00 168.00 0.00 186.00 0.00 0.90048
4 60.00 0.00 240.00 0.00 150.00 0.00 168.00 0.00 0.544729
4 141.00 0.00 168.00 0.00 153.00 0.00 156.00 0.00 3.58495
4 6.00 0.00 222.00 0.00 186.00 0.00 204.00 0.00 3.17144
4 120.00 0.00 174.00 0.00 162.00 0.00 168.00 0.00 13.2817
4 126.00 0.00 180.00 0.00 156.00 0.00 162.00 0.00 2.06579
4 147.00 0.00 174.00 0.00 150.00 0.00 153.00 0.00 38.9777
4 141.00 0.00 168.00 0.00 156.00 0.00 159.00 0.00 4.9178
4 138.00 0.00 192.00 0.00 144.00 0.00 150.00 0.00 11.494
4 123.00 0.00 177.00 0.00 159.00 0.00 165.00 0.00 4.60615
4 132.00 0.00 186.00 0.00 150.00 0.00 156.00 0.00 2.26539
4 144.00 0.00 171.00 0.00 153.00 0.00 156.00 0.00 4.35233
4 84.00 0.00 192.00 0.00 168.00 0.00 180.00 0.00 6.01395
4 30.00 0.00 228.00 0.00 174.00 0.00 192.00 0.00 0.850571
4 90.00 0.00 198.00 0.00 162.00 0.00 174.00 0.00 1.89384
4 114.00 0.00 222.00 0.00 138.00 0.00 150.00 0.00 3.21511
4 96.00 0.00 204.00 0.00 156.00 0.00 168.00 0.00 1.01854
4 138.00 0.00 165.00 0.00 159.00 0.00 162.00 0.00 34.4399
4 48.00 0.00 210.00 0.00 174.00 0.00 192.00 0.00 1.93646
4 66.00 0.00 228.00 0.00 156.00 0.00 174.00 0.00 0.843949
4 108.00 0.00 216.00 0.00 144.00 0.00 156.00 0.00 1.19395
4 120.00 0.00 228.00 0.00 132.00 0.00 144.00 0.00 9.97419
4 102.00 0.00 210.00 0.00 150.00 0.00 162.00 0.00 0.809424
4 135.00 0.00 189.00 0.00 147.00 0.00 153.00 0.00 4.5162
4 129.00 0.00 183.00 0.00 153.00 0.00 159.00 0.00 1.59649
4 147.00 0.00 174.00 0.00 153.00 0.00 156.00 0.00 8.16607
4 36.00 0.00 216.00 0.00 180.00 0.00 198.00 0.00 2.25191
4 54.00 0.00 234.00 0.00 162.00 0.00 180.00 0.00 0.729037
4 141.00 0.00 168.00 0.00 159.00 0.00 162.00 0.00 10.2664
4 18.00 0.00 234.00 0.00 180.00 0.00 198.00 0.00 0.970904
4 144.00 0.00 171.00 0.00 156.00 0.00 159.00 0.00 3.53107
4 126.00 0.00 180.00 0.00 162.00 0.00 168.00 0.00 4.4696
4 138.00 0.00 192.00 0.00 150.00 0.00 156.00 0.00 3.66811
4 132.00 0.00 186.00 0.00 156.00 0.00 162.00 0.00 1.75018
4 150.00 0.00 177.00 0.00 153.00 0.00 156.00 0.00 27.0001
4 24.00 0.00 222.00 0.00 186.00 0.00 204.00 0.00 3.17401
4 6.00 0.00 240.00 0.00 186.00 0.00 204.00 0.00 1.20823
4 42.00 0.00 240.00 0.00 168.00 0.00 186.00 0.00 0.574108
4 123.00 0.00 177.00 0.00 165.00 0.00 171.00 0.00 15.5716
4 141.00 0.00 168.00 0.00 162.00 0.00 165.00 0.00 41.376
4 60.00 0.00 222.00 0.00 168.00 0.00 186.00 0.00 0.977866
4 78.00 0.00 240.00 0.00 150.00 0.00 168.00 0.00 0.766517
4 147.00 0.00 174.00 0.00 156.00 0.00 159.00 0.00 4.03168
4 144.00 0.00 171.00 0.00 159.00 0.00 162.00 0.00 4.95785
4 129.00 0.00 183.00 0.00 159.00 0.00 165.00 0.00 2.61458
4 135.00 0.00 189.00 0.00 153.00 0.00 159.00 0.00 1.79461
4 123.00 0.00 231.00 0.00 135.00 0.00 147.00 0.00 9.37037
4 141.00 0.00 195.00 0.00 147.00 0.00 153.00 0.00 14.741
4 147.00 0.00 174.00 0.00 159.00 0.00 162.00 0.00 3.92565
4 144.00 0.00 171.00 0.00 162.00 0.00 165.00 0.00 11.5798
4 48.00 0.00 228.00 0.00 174.00 0.00 192.00 0.00 0.861201
4 12.00 0.00 228.00 0.00 192.00 0.00 210.00 0.00 4.04513
4 150.00 0.00 177.00 0.00 156.00 0.00 159.00 0.00 7.10384
4 126.00 0.00 180.00 0.00 168.00 0.00 174.00 0.00 16.9032
4 147.00 0.00 174.00 0.00 162.00 0.00 165.00 0.00 6.32556
4 153.00 0.00 180.00 0.00 156.00 0.00 159.00 0.00 28.1194
4 138.00 0.00 192.00 0.00 156.00 0.00 162.00 0.00 1.89876
4 144.00 0.00 171.00 0.00 165.00 0.00 168.00 0.00 25.9799
4 150.00 0.00 177.00 0.00 159.00 0.00 162.00 0.00 4.65656
4 54.00 0.00 216.00 0.00 180.00 0.00 198.00 0.00 2.28203
4 132.00 0.00 186.00 0.00 162.00 0.00 168.00 0.00 2.68123
4 36.00 0.00 234.00 0.00 180.00 0.00 198.00 0.00 0.973373
4 114.00 0.00 222.00 0.00 150.00 0.00 162.00 0.00 1.16625
4 120.00 0.00 228.00 0.00 144.00 0.00 156.00 0.00 2.54515
4 144.00 0.00 198.00 0.00 150.00 0.00 156.00 0.00 14.2496
4 0.00 0.00 234.00 0.00 198.00 0.00 216.00 0.00 5.31411
4 126.00 0.00 234.00 0.00 138.00 0.00 150.00 0.00 8.94209
4 102.00 0.00 210.00 0.00 162.00 0.00 174.00 0.00 1.1523
4 72.00 0.00 234.00 0.00 162.00 0.00 180.00 0.00 0.878298
4 108.00 0.00 216.00 0.00 156.00 0.00 168.00 0.00 1.01922
4 96.00 0.00 204.00 0.00 168.00 0.00 180.00 0.00 1.41305
4 90.00 0.00 198.00 0.00 174.00 0.00 186.00 0.00 4.41703
4 135.00 0.00 189.00 0.00 159.00 0.00 165.00 0.00 2.11304
4 129.00 0.00 183.00 0.00 165.00 0.00 171.00 0.00 4.82191
4 141.00 0.00 195.00 0.00 153.00 0.00 159.00 0.00 3.01327
4 150.00 0.00 177.00 0.00 162.00 0.00 165.00 0.00 5.2737
4 60.00 0.00 240.00 0.00 168.00 0.00 186.00 0.00 0.651676
4 42.00 0.00 222.00 0.00 186.00 0.00 204.00 0.00 3.1783
4 153.00 0.00 180.00 0.00 159.00 0.00 162.00 0.00 8.30911
4 24.00 0.00 240.00 0.00 186.00 0.00 204.00 0.00 1.21059
4 147.00 0.00 174.00 0.00 165.00 0.00 168.00 0.00 9.064
4 138.00 0.00 192.00 0.00 162.00 0.00 168.00 0.00 2.13052
4 147.00 0.00 174.00 0.00 168.00 0.00 171.00 0.00 29.7973
4 150.00 0.00 177.00 0.00 165.00 0.00 168.00 0.00 5.46818
4 153.00 0.00 180.00 0.00 162.00 0.00 165.00 0.00 6.02278
4 132.00 0.00 186.00 0.00 168.00 0.00 174.00 0.00 5.71265
4 144.00 0.00 198.00 0.00 156.00 0.00 162.00 0.00 3.20778
4 66.00 0.00 228.00 0.00 174.00 0.00 192.00 0.00 0.932727
4 30.00 0.00 228.00 0.00 192.00 0.00 210.00 0.00 4.04842
4 147.00 0.00 201.00 0.00 153.00 0.00 159.00 0.00 10.5532
4 141.00 0.00 195.00 0.00 159.00 0.00 165.00 0.00 2.34257
4 156.00 0.00 183.00 0.00 159.00 0.00 162.00 0.00 44.5738
4 129.00 0.00 183.00 0.00 171.00 0.00 177.00 0.00 16.9597
4 135.00 0.00 189.00 0.00 165.00 0.00 171.00 0.00 2.43255
4 129.00 0.00 237.00 0.00 141.00 0.00 153.00 0.00 8.00602
4 123.00 0.00 231.00 0.00 147.00 0.00 159.00 0.00 2.2607
4 153.00 0.00 180.00 0.00 165.00 0.00 168.00 0.00 4.29807
4 150.00 0.00 177.00 0.00 168.00 0.00 171.00 0.00 12.0586
4 18.00 0.00 234.00 0.00 198.00 0.00 216.00 0.00 5.32001
4 54.00 0.00 234.00 0.00 180.00 0.00 198.00 0.00 1.0048
4 156.00 0.00 183.00 0.00 162.00 0.00 165.00 0.00 12.0232
4 150.00 0.00 177.00 0.00 171.00 0.00 174.00 0.00 34.6849
4 150.00 0.00 204.00 0.00 156.00 0.00 162.00 0.00 9.94399
4 144.00 0.00 198.00 0.00 162.00 0.00 168.00 0.00 2.44492
4 153.00 0.00 180.00 0.00 168.00 0.00 171.00 0.00 6.28353
4 42.00 0.00 240.00 0.00 186.00 0.00 204.00 0.00 1.21424
4 138.00 0.00 192.00 0.00 168.00 0.00 174.00 0.00 2.5651
4 132.00 0.00 186.00 0.00 174.00 0.00 180.00 0.00 17.748
4 114.00 0.00 222.00 0.00 162.00 0.00 174.00 0.00 1.19039
4 78.00 0.00 240.00 0.00 168.00 0.00 186.00 0.00 0.787712
4 126.00 0.00 234.00 0.00 150.00 0.00 162.00 0.00 2.03979
4 60.00 0.00 222.00 0.00 186.00 0.00 204.00 0.00 3.22423
4 108.00 0.00 216.00 0.00 168.00 0.00 180.00 0.00 1.02336
4 6.00 0.00 240.00 0.00 204.00 0.00 222.00 0.00 6.28986
4 120.00 0.00 228.00 0.00 156.00 0.00 168.00 0.00 1.32994
4 102.00 0.00 210.00 0.00 174.00 0.00 186.00 0.00 1.10105
4 132.00 0.00 240.00 0.00 144.00 0.00 156.00 0.00 6.29091
4 96.00 0.00 204.00 0.00 180.00 0.00 192.00 0.00 3.5625
4 156.00 0.00 183.00 0.00 165.00 0.00 168.00 0.00 5.19222
4 159.00 0.00 186.00 0.00 162.00 0.00 165.00 0.00 51.5689
4 147.00 0.00 201.00 0.00 159.00 0.00 165.00 0.00 3.96048
4 135.00 0.00 189.00 0.00 171.00 0.00 177.00 0.00 4.84592
4 141.00 0.00 195.00 0.00 165.00 0.00 171.00 0.00 1.88796
4 153.00 0.00 180.00 0.00 171.00 0.00 174.00 0.00 12.624
4 48.00 0.00 228.00 0.00 192.00 0.00 210.00 0.00 4.05649
4 156.00 0.00 183.00 0.00 168.00 0.00 171.00 0.00 5.08019
4 159.00 0.00 186.00 0.00 165.00 0.00 168.00 0.00 10.0819
4 153.00 0.00 180.00 0.00 174.00 0.00 177.00 0.00 25.4569
4 138.00 0.00 192.00 0.00 174.00 0.00 180.00 0.00 4.24027
4 36.00 0.00 234.00 0.00 198.00 0.00 216.00 0.00 5.32231
4 72.00 0.00 234.00 0.00 180.00 0.00 198.00 0.00 1.07367
4 150.00 0.00 204.00 0.00 162.00 0.00 168.00 0.00 4.34813
4 144.00 0.00 198.00 0.00 168.00 0.00 174.00 0.00 1.91527
4 156.00 0.00 183.00 0.00 171.00 0.00 174.00 0.00 7.46664
4 147.00 0.00 201.00 0.00 165.00 0.00 171.00 0.00 2.19124
4 135.00 0.00 189.00 0.00 177.00 0.00 183.00 0.00 13.9755
4 153.00 0.00 207.00 0.00 159.00 0.00 165.00 0.00 12.1407
4 162.00 0.00 189.00 0.00 165.00 0.00 168.00 0.00 34.1711
4 159.00 0.00 186.00 0.00 168.00 0.00 171.00 0.00 5.97695
4 141.00 0.00 195.00 0.00 171.00 0.00 177.00 0.00 2.26795
4 129.00 0.00 237.00 0.00 153.00 0.00 165.00 0.00 1.9242
4 123.00 0.00 231.00 0.00 159.00 0.00 171.00 0.00 1.41152
4 24.00 0.00 240.00 0.00 204.00 0.00 222.00 0.00 6.29111
4 60.00 0.00 240.00 0.00 186.00 0.00 204.00 0.00 1.26006
4 159.00 0.00 186.00 0.00 171.00 0.00 174.00 0.00 5.5703
4 156.00 0.00 183.00 0.00 174.00 0.00 177.00 0.00 11.307
4 162.00 0.00 189.00 0.00 168.00 0.00 171.00 0.00 10.9607
4 150.00 0.00 204.00 0.00 168.00 0.00 174.00 0.00 2.24032
4 144.00 0.00 198.00 0.00 174.00 0.00 180.00 0.00 1.90496
4 138.00 0.00 192.00 0.00 180.00 0.00 186.00 0.00 12.7271
4 126.00 0.00 234.00 0.00 162.00 0.00 174.00 0.00 1.46211
4 114.00 0.00 222.00 0.00 174.00 0.00 186.00 0.00 0.83494
4 66.00 0.00 228.00 0.00 192.00 0.00 210.00 0.00 4.10136
4 108.00 0.00 216.00 0.00 180.00 0.00 192.00 0.00 1.14762
4 156.00 0.00 210.00 0.00 162.00 0.00 168.00 0.00 14.9126
4 120.00 0.00 228.00 0.00 168.00 0.00 180.00 0.00 1.01829
4 132.00 0.00 240.00 0.00 156.00 0.00 168.00 0.00 2.01597
4 102.00 0.00 210.00 0.00 186.00 0.00 198.00 0.00 3.83182
4 165.00 0.00 192.00 0.00 168.00 0.00 171.00 0.00 40.6842
4 159.00 0.00 186.00 0.00 174.00 0.00 177.00 0.00 6.42018
4 153.00 0.00 207.00 0.00 165.00 0.00 171.00 0.00 3.90316
4 147.00 0.00 201.00 0.00 171.00 0.00 177.00 0.00 1.66187
4 141.00 0.00 195.00 0.00 177.00 0.00 183.00 0.00 3.55911
4 156.00 0.00 183.00 0.00 177.00 0.00 180.00 0.00 32.6058
4 162.00 0.00 189.00 0.00 171.00 0.00 174.00 0.00 5.7068
4 54.00 0.00 234.00 0.00 198.00 0.00 216.00 0.00 5.33921
4 165.00 0.00 192.00 0.00 171.00 0.00 174.00 0.00 10.7598
4 159.00 0.00 186.00 0.00 177.00 0.00 180.00 0.00 12.9565
4 162.00 0.00 189.00 0.00 174.00 0.00 177.00 0.00 4.38539
4 144.00 0.00 198.00 0.00 180.00 0.00 186.00 0.00 3.12202
4 156.00 0.00 210.00 0.00 168.00 0.00 174.00 0.00 4.00426
4 150.00 0.00 204.00 0.00 174.00 0.00 180.00 0.00 1.39165
4 78.00 0.00 240.00 0.00 186.00 0.00 204.00 0.00 1.33847
4 42.00 0.00 240.00 0.00 204.00 0.00 222.00 0.00 6.29286
4 162.00 0.00 189.00 0.00 177.00 0.00 180.00 0.00 6.11781
4 159.00 0.00 213.00 0.00 165.00 0.00 171.00 0.00 13.6085
4 147.00 0.00 201.00 0.00 177.00 0.00 183.00 0.00 1.55657
4 141.00 0.00 195.00 0.00 183.00 0.00 189.00 0.00 14.5255
4 159.00 0.00 186.00 0.00 180.00 0.00 183.00 0.00 30.2242
4 153.00 0.00 207.00 0.00 171.00 0.00 177.00 0.00 2.01789
4 165.00 0.00 192.00 0.00 174.00 0.00 177.00 0.00 5.27968
4 123.00 0.00 231.00 0.00 171.00 0.00 183.00 0.00 0.912233
4 129.00 0.00 237.00 0.00 165.00 0.00 177.00 0.00 1.29042
4 168.00 0.00 195.00 0.00 171.00 0.00 174.00 0.00 27.5376
4 168.00 0.00 195.00 0.00 174.00 0.00 177.00 0.00 8.76116
4 162.00 0.00 189.00 0.00 180.00 0.00 183.00 0.00 9.55029
4 165.00 0.00 192.00 0.00 177.00 0.00 180.00 0.00 4.72656
4 144.00 0.00 198.00 0.00 186.00 0.00 192.00 0.00 14.9291
4 162.00 0.00 216.00 0.00 168.00 0.00 174.00 0.00 14.0899
4 114.00 0.00 222.00 0.00 186.00 0.00 198.00 0.00 1.5309
4 120.00 0.00 228.00 0.00 180.00 0.00 192.00 0.00 0.834489
4 132.00 0.00 240.00 0.00 168.00 0.00 180.00 0.00 1.17014
4 150.00 0.00 204.00 0.00 180.00 0.00 186.00 0.00 1.30753
4 108.00 0.00 216.00 0.00 192.00 0.00 204.00 0.00 4.76107
4 126.00 0.00 234.00 0.00 174.00 0.00 186.00 0.00 0.772935
4 72.00 0.00 234.00 0.00 198.00 0.00 216.00 0.00 5.37512
4 156.00 0.00 210.00 0.00 174.00 0.00 180.00 0.00 1.74902
4 147.00 0.00 201.00 0.00 183.00 0.00 189.00 0.00 3.13934
4 159.00 0.00 213.00 0.00 171.00 0.00 177.00 0.00 3.63642
4 168.00 0.00 195.00 0.00 177.00 0.00 180.00 0.00 5.52823
4 153.00 0.00 207.00 0.00 177.00 0.00 183.00 0.00 1.24852
4 171.00 0.00 198.00 0.00 174.00 0.00 177.00 0.00 26.4771
4 162.00 0.00 189.00 0.00 183.00 0.00 186.00 0.00 29.5353
4 165.00 0.00 192.00 0.00 180.00 0.00 183.00 0.00 4.95049
4 60.00 0.00 240.00 0.00 204.00 0.00 222.00 0.00 6.3068
4 165.00 0.00 192.00 0.00 183.00 0.00 186.00 0.00 9.55428
4 171.00 0.00 198.00 0.00 177.00 0.00 180.00 0.00 11.2161
4 168.00 0.00 195.00 0.00 180.00 0.00 183.00 0.00 3.80295
4 156.00 0.00 210.00 0.00 180.00 0.00 186.00 0.00 1.12734
4 162.00 0.00 216.00 0.00 174.00 0.00 180.00 0.00 3.40919
4 150.00 0.00 204.00 0.00 186.00 0.00 192.00 0.00 2.8336
4 165.00 0.00 192.00 0.00 186.00 0.00 189.00 0.00 40.9327
4 165.00 0.00 219.00 0.00 171.00 0.00 177.00 0.00 13.7427
4 159.00 0.00 213.00 0.00 177.00 0.00 183.00 0.00 1.64039
4 153.00 0.00 207.00 0.00 183.00 0.00 189.00 0.00 1.40465
4 168.00 0.00 195.00 0.00 183.00 0.00 186.00 0.00 4.78306
4 171.00 0.00 198.00 0.00 180.00 0.00 183.00 0.00 4.99926
4 174.00 0.00 201.00 0.00 177.00 0.00 180.00 0.00 33.2121
4 129.00 0.00 237.00 0.00 177.00 0.00 189.00 0.00 0.752077
4 123.00 0.00 231.00 0.00 183.00 0.00 195.00 0.00 0.935209
4 147.00 0.00 201.00 0.00 189.00 0.00 195.00 0.00 14.9083
4 171.00 0.00 198.00 0.00 183.00 0.00 186.00 0.00 4.13302
4 174.00 0.00 201.00 0.00 180.00 0.00 183.00 0.00 10.0659
4 168.00 0.00 195.00 0.00 186.00 0.00 189.00 0.00 11.7602
4 156.00 0.00 210.00 0.00 186.00 0.00 192.00 0.00 1.45275
4 150.00 0.00 204.00 0.00 192.00 0.00 198.00 0.00 12.133
4 168.00 0.00 222.00 0.00 174.00 0.00 180.00 0.00 12.3153
4 126.00 0.00 234.00 0.00 186.00 0.00 198.00 0.00 1.0166
4 78.00 0.00 240.00 0.00 204.00 0.00 222.00 0.00 6.33467
4 114.00 0.00 222.00 0.00 198.00 0.00 210.00 0.00 6.35905
4 120.00 0.00 228.00 0.00 192.00 0.00 204.00 0.00 1.96047
4 132.00 0.00 240.00 0.00 180.00 0.00 192.00 0.00 0.735931
4 162.00 0.00 216.00 0.00 180.00 0.00 186.00 0.00 1.55483
4 177.00 0.00 204.00 0.00 180.00 0.00 183.00 0.00 24.1877
4 153.00 0.00 207.00 0.00 189.00 0.00 195.00 0.00 3.05754
4 174.00 0.00 201.00 0.00 183.00 0.00 186.00 0.00 5.94161
4 171.00 0.00 198.00 0.00 186.00 0.00 189.00 0.00 6.08693
4 168.00 0.00 195.00 0.00 189.00 0.00 192.00 0.00 33.753
4 165.00 0.00 219.00 0.00 177.00 0.00 183.00 0.00 3.75452
4 159.00 0.00 213.00 0.00 183.00 0.00 189.00 0.00 1.26044
4 177.00 0.00 204.00 0.00 183.00 0.00 186.00 0.00 10.7933
4 174.00 0.00 201.00 0.00 186.00 0.00 189.00 0.00 5.19543
4 171.00 0.00 198.00 0.00 189.00 0.00 192.00 0.00 11.2729
4 168.00 0.00 222.00 0.00 180.00 0.00 186.00 0.00 3.47424
4 156.00 0.00 210.00 0.00 192.00 0.00 198.00 0.00 3.05698
4 162.00 0.00 216.00 0.00 186.00 0.00 192.00 0.00 1.3781
4 165.00 0.00 219.00 0.00 183.00 0.00 189.00 0.00 1.91885
4 159.00 0.00 213.00 0.00 189.00 0.00 195.00 0.00 1.64789
4 177.00 0.00 204.00 0.00 186.00 0.00 189.00 0.00 6.9832
4 174.00 0.00 201.00 0.00 189.00 0.00 192.00 0.00 5.36528
4 153.00 0.00 207.00 0.00 195.00 0.00 201.00 0.00 13.4261
4 180.00 0.00 207.00 0.00 183.00 0.00 186.00 0.00 30.5274
4 171.00 0.00 198.00 0.00 192.00 0.00 195.00 0.00 41.0511
4 171.00 0.00 225.00 0.00 177.00 0.00 183.00 0.00 14.5621
4 129.00 0.00 237.00 0.00 189.00 0.00 201.00 0.00 1.10985
4 123.00 0.00 231.00 0.00 195.00 0.00 207.00 0.00 2.02521
4 177.00 0.00 204.00 0.00 189.00 0.00 192.00 0.00 4.27992
4 174.00 0.00 201.00 0.00 192.00 0.00 195.00 0.00 12.1085
4 180.00 0.00 207.00 0.00 186.00 0.00 189.00 0.00 13.9014
4 156.00 0.00 210.00 0.00 198.00 0.00 204.00 0.00 14.3857
4 174.00 0.00 228.00 0.00 180.00 0.00 186.00 0.00 14.7188
4 162.00 0.00 216.00 0.00 192.00 0.00 198.00 0.00 1.8127
4 120.00 0.00 228.00 0.00 204.00 0.00 216.00 0.00 9.2422
4 168.00 0.00 222.00 0.00 186.00 0.00 192.00 0.00 2.08195
4 132.00 0.00 240.00 0.00 192.00 0.00 204.00 0.00 1.20783
4 126.00 0.00 234.00 0.00 198.00 0.00 210.00 0.00 2.20159
4 177.00 0.00 204.00 0.00 192.00 0.00 195.00 0.00 5.45414
4 174.00 0.00 201.00 0.00 195.00 0.00 198.00 0.00 35.7611
4 159.00 0.00 213.00 0.00 195.00 0.00 201.00 0.00 3.43145
4 180.00 0.00 207.00 0.00 189.00 0.00 192.00 0.00 6.05039
4 171.00 0.00 225.00 0.00 183.00 0.00 189.00 0.00 4.37897
4 165.00 0.00 219.00 0.00 189.00 0.00 195.00 0.00 1.61777
4 183.00 0.00 210.00 0.00 186.00 0.00 189.00 0.00 34.63
4 180.00 0.00 207.00 0.00 192.00 0.00 195.00 0.00 4.60643
4 183.00 0.00 210.00 0.00 189.00 0.00 192.00 0.00 10.8112
4 177.00 0.00 204.00 0.00 195.00 0.00 198.00 0.00 9.18362
4 168.00 0.00 222.00 0.00 192.00 0.00 198.00 0.00 1.81462
4 174.00 0.00 228.00 0.00 186.00 0.00 192.00 0.00 5.26848
4 162.00 0.00 216.00 0.00 198.00 0.00 204.00 0.00 3.73269
4 180.00 0.00 207.00 0.00 195.00 0.00 198.00 0.00 4.8008
4 159.00 0.00 213.00 0.00 201.00 0.00 207.00 0.00 13.7142
4 177.00 0.00 231.00 0.00 183.00 0.00 189.00 0.00 16.56
4 165.00 0.00 219.00 0.00 195.00 0.00 201.00 0.00 2.12366
4 183.00 0.00 210.00 0.00 192.00 0.00 195.00 0.00 5.73688
4 129.00 0.00 237.00 0.00 201.00 0.00 213.00 0.00 2.44715
4 186.00 0.00 213.00 0.00 189.00 0.00 192.00 0.00 30.9552
4 123.00 0.00 231.00 0.00 207.00 0.00 219.00 0.00 9.64781
4 171.00 0.00 225.00 0.00 189.00 0.00 195.00 0.00 2.24259
4 177.00 0.00 204.00 0.00 198.00 0.00 201.00 0.00 40.182
4 183.00 0.00 210.00 0.00 195.00 0.00 198.00 0.00 4.03486
4 180.00 0.00 207.00 0.00 198.00 0.00 201.00 0.00 11.1265
4 186.00 0.00 213.00 0.00 192.00 0.00 195.00 0.00 10.6245
4 180.00 0.00 234.00 0.00 186.00 0.00 192.00 0.00 18.7746
4 174.00 0.00 228.00 0.00 192.00 0.00 198.00 0.00 2.53677
4 168.00 0.00 222.00 0.00 198.00 0.00 204.00 0.00 2.41325
4 132.00 0.00 240.00 0.00 204.00 0.00 216.00 0.00 2.92126
4 126.00 0.00 234.00 0.00 210.00 0.00 222.00 0.00 10.0828
4 162.00 0.00 216.00 0.00 204.00 0.00 210.00 0.00 13.1078
4 180.00 0.00 207.00 0.00 201.00 0.00 204.00 0.00 42.6524
4 165.00 0.00 219.00 0.00 201.00 0.00 207.00 0.00 4.06965
4 183.00 0.00 210.00 0.00 198.00 0.00 201.00 0.00 5.5264
4 189.00 0.00 216.00 0.00 192.00 0.00 195.00 0.00 39.9653
4 177.00 0.00 231.00 0.00 189.00 0.00 195.00 0.00 4.81988
4 186.00 0.00 213.00 0.00 195.00 0.00 198.00 0.00 5.16007
4 171.00 0.00 225.00 0.00 195.00 0.00 201.00 0.00 1.98414
4 183.00 0.00 210.00 0.00 201.00 0.00 204.00 0.00 11.0275
4 189.00 0.00 216.00 0.00 195.00 0.00 198.00 0.00 11.223
4 186.00 0.00 213.00 0.00 198.00 0.00 201.00 0.00 4.50677
4 180.00 0.00 234.00 0.00 192.00 0.00 198.00 0.00 4.85164
4 168.00 0.00 222.00 0.00 204.00 0.00 210.00 0.00 4.65651
4 174.00 0.00 228.00 0.00 198.00 0.00 204.00 0.00 2.1456
4 186.00 0.00 213.00 0.00 201.00 0.00 204.00 0.00 5.37768
4 183.00 0.00 210.00 0.00 204.00 0.00 207.00 0.00 36.0465
4 183.00 0.00 237.00 0.00 189.00 0.00 195.00 0.00 15.244
4 177.00 0.00 231.00 0.00 195.00 0.00 201.00 0.00 2.57645
4 189.00 0.00 216.00 0.00 198.00 0.00 201.00 0.00 6.18407
4 165.00 0.00 219.00 0.00 207.00 0.00 213.00 0.00 16.0444
4 192.00 0.00 219.00 0.00 195.00 0.00 198.00 0.00 33.8932
4 129.00 0.00 237.00 0.00 213.00 0.00 225.00 0.00 10.2374
4 171.00 0.00 225.00 0.00 201.00 0.00 207.00 0.00 2.44706
4 189.00 0.00 216.00 0.00 201.00 0.00 204.00 0.00 4.35091
4 186.00 0.00 213.00 0.00 204.00 0.00 207.00 0.00 10.0644
4 192.00 0.00 219.00 0.00 198.00 0.00 201.00 0.00 12.4653
4 180.00 0.00 234.00 0.00 198.00 0.00 204.00 0.00 2.5668
4 174.00 0.00 228.00 0.00 204.00 0.00 210.00 0.00 2.63289
4 168.00 0.00 222.00 0.00 210.00 0.00 216.00 0.00 19.226
4 186.00 0.00 240.00 0.00 192.00 0.00 198.00 0.00 14.4291
4 132.00 0.00 240.00 0.00 216.00 0.00 228.00 0.00 9.96152
4 192.00 0.00 219.00 0.00 201.00 0.00 204.00 0.00 5.89062
4 189.00 0.00 216.00 0.00 204.00 0.00 207.00 0.00 4.68002
4 195.00 0.00 222.00 0.00 198.00 0.00 201.00 0.00 41.6091
4 183.00 0.00 237.00 0.00 195.00 0.00 201.00 0.00 4.5364
4 177.00 0.00 231.00 0.00 201.00 0.00 207.00 0.00 1.93919
4 186.00 0.00 213.00 0.00 207.00 0.00 210.00 0.00 39.0273
4 171.00 0.00 225.00 0.00 207.00 0.00 213.00 0.00 5.7606
4 195.00 0.00 222.00 0.00 201.00 0.00 204.00 0.00 12.7188
4 192.00 0.00 219.00 0.00 204.00 0.00 207.00 0.00 3.94194
4 189.00 0.00 216.00 0.00 207.00 0.00 210.00 0.00 9.7729
4 186.00 0.00 240.00 0.00 198.00 0.00 204.00 0.00 4.31713
4 180.00 0.00 234.00 0.00 204.00 0.00 210.00 0.00 1.85881
4 174.00 0.00 228.00 0.00 210.00 0.00 216.00 0.00 7.10754
4 192.00 0.00 219.00 0.00 207.00 0.00 210.00 0.00 5.59747
4 189.00 0.00 216.00 0.00 210.00 0.00 213.00 0.00 34.6139
4 198.00 0.00 225.00 0.00 201.00 0.00 204.00 0.00 39.3975
4 195.00 0.00 222.00 0.00 204.00 0.00 207.00 0.00 5.14151
4 171.00 0.00 225.00 0.00 213.00 0.00 219.00 0.00 20.3169
4 177.00 0.00 231.00 0.00 207.00 0.00 213.00 0.00 3.00478
4 183.00 0.00 237.00 0.00 201.00 0.00 207.00 0.00 2.11994
4 195.00 0.00 222.00 0.00 207.00 0.00 210.00 0.00 4.48778
4 198.00 0.00 225.00 0.00 204.00 0.00 207.00 0.00 9.62069
4 192.00 0.00 219.00 0.00 210.00 0.00 213.00 0.00 11.5718
4 180.00 0.00 234.00 0.00 210.00 0.00 216.00 0.00 3.55336
4 174.00 0.00 228.00 0.00 216.00 0.00 222.00 0.00 22.2133
4 186.00 0.00 240.00 0.00 204.00 0.00 210.00 0.00 1.8397
4 183.00 0.00 237.00 0.00 207.00 0.00 213.00 0.00 2.02572
4 177.00 0.00 231.00 0.00 213.00 0.00 219.00 0.00 7.09124
4 195.00 0.00 222.00 0.00 210.00 0.00 213.00 0.00 6.41631
4 198.00 0.00 225.00 0.00 207.00 0.00 210.00 0.00 5.20622
4 201.00 0.00 228.00 0.00 204.00 0.00 207.00 0.00 38.7447
4 192.00 0.00 219.00 0.00 213.00 0.00 216.00 0.00 43.222
4 195.00 0.00 222.00 0.00 213.00 0.00 216.00 0.00 14.0074
4 198.00 0.00 225.00 0.00 210.00 0.00 213.00 0.00 4.98363
4 201.00 0.00 228.00 0.00 207.00 0.00 210.00 0.00 10.6883
4 186.00 0.00 240.00 0.00 210.00 0.00 216.00 0.00 2.39459
4 180.00 0.00 234.00 0.00 216.00 0.00 222.00 0.00 6.97318
4 204.00 0.00 231.00 0.00 207.00 0.00 210.00 0.00 42.1291
4 195.00 0.00 222.00 0.00 216.00 0.00 219.00 0.00 38.3933
4 198.00 0.00 225.00 0.00 213.00 0.00 216.00 0.00 8.11677
4 183.00 0.00 237.00 0.00 213.00 0.00 219.00 0.00 3.63647
4 201.00 0.00 228.00 0.00 210.00 0.00 213.00 0.00 5.68956
4 177.00 0.00 231.00 0.00 219.00 0.00 225.00 0.00 21.9267
4 204.00 0.00 231.00 0.00 210.00 0.00 213.00 0.00 10.9895
4 198.00 0.00 225.00 0.00 216.00 0.00 219.00 0.00 13.3078
4 201.00 0.00 228.00 0.00 213.00 0.00 216.00 0.00 6.11861
4 186.00 0.00 240.00 0.00 216.00 0.00 222.00 0.00 3.73223
4 180.00 0.00 234.00 0.00 222.00 0.00 228.00 0.00 20.2419
4 207.00 0.00 234.00 0.00 210.00 0.00 213.00 0.00 36.6498
4 201.00 0.00 228.00 0.00 216.00 0.00 219.00 0.00 7.4321
4 183.00 0.00 237.00 0.00 219.00 0.00 225.00 0.00 7.05684
4 198.00 0.00 225.00 0.00 219.00 0.00 222.00 0.00 48.9404
4 204.00 0.00 231.00 0.00 213.00 0.00 216.00 0.00 6.55362
4 204.00 0.00 231.00 0.00 216.00 0.00 219.00 0.00 5.31386
4 207.00 0.00 234.00 0.00 213.00 0.00 216.00 0.00 11.3963
4 201.00 0.00 228.00 0.00 219.00 0.00 222.00 0.00 15.9506
4 186.00 0.00 240.00 0.00 222.00 0.00 228.00 0.00 6.70011
4 210.00 0.00 237.00 0.00 213.00 0.00 216.00 0.00 40.3692
4 207.00 0.00 234.00 0.00 216.00 0.00 219.00 0.00 5.36127
4 183.00 0.00 237.00 0.00 225.00 0.00 231.00 0.00 18.7091
4 204.00 0.00 231.00 0.00 219.00 0.00 222.00 0.00 8.19614
4 201.00 0.00 228.00 0.00 222.00 0.00 225.00 0.00 50.7783
4 204.00 0.00 231.00 0.00 222.00 0.00 225.00 0.00 15.2116
4 207.00 0.00 234.00 0.00 219.00 0.00 222.00 0.00 5.892
4 210.00 0.00 237.00 0.00 216.00 0.00 219.00 0.00 9.10911
4 186.00 0.00 240.00 0.00 228.00 0.00 234.00 0.00 18.8923
4 213.00 0.00 240.00 0.00 216.00 0.00 219.00 0.00 31.9082
4 204.00 0.00 231.00 0.00 225.00 0.00 228.00 0.00 52.1975
4 210.00 0.00 237.00 0.00 219.00 0.00 222.00 0.00 6.36785
4 207.00 0.00 234.00 0.00 222.00 0.00 225.00 0.00 7.87464
4 210.00 0.00 237.00 0.00 222.00 0.00 225.00 0.00 6.02972
4 213.00 0.00 240.00 0.00 219.00 0.00 222.00 0.00 11.1184
4 207.00 0.00 234.00 0.00 225.00 0.00 228.00 0.00 14.2124
4 210.00 0.00 237.00 0.00 225.00 0.00 228.00 0.00 7.42807
4 213.00 0.00 240.00 0.00 222.00 0.00 225.00 0.00 6.83174
4 207.00 0.00 234.00 0.00 228.00 0.00 231.00 0.00 50.1383
4 213.00 0.00 240.00 0.00 225.00 0.00 228.00 0.00 6.25559
4 210.00 0.00 237.00 0.00 228.00 0.00 231.00 0.00 13.56
4 210.00 0.00 237.00 0.00 231.00 0.00 234.00 0.00 52.218
4 213.00 0.00 240.00 0.00 228.00 0.00 231.00 0.00 7.5202
4 213.00 0.00 240.00 0.00 231.00 0.00 234.00 0.00 14.0894
4 213.00 0.00 240.00 0.00 234.00 0.00 237.00 0.00 51.2864
0
0
0
0
0
0
0
0
