1.26965124415141e+02
7.97020404924875e+01
4.51463064865680e+01
4.16479487039066e+01
2.78027035392741e+02
1.68663395889685e+02
2.67507742103697e+02
7.65662189629572e+01
1.37367362120179e+02
4.30209029296165e+01
4.63142669061193e+01
5.79433855398145e+01
1.85557581564084e+02
4.19186374159327e+02
6.45932263266811e+01
2.14076106470491e+01
8.74282587522769e+01
1.07126573869864e+03
4.68203500751651e+02
4.85135903319155e+02
7.07745003547756e+02
1.85095686654977e+01
1.09265451306804e+02
3.42106447015116e+02
5.69316920800990e+02
5.13703221240055e+02
5.60214883375825e+02
5.34597504294815e+02
1.81437488554570e+01
8.61299464015250e+01
2.66932387349817e+02
4.64311919624485e+02
3.39549038922035e+02
3.60117037728744e+02
3.73123724923334e+02
8.36995080833565e+02
1.79967939000363e+01
7.63670994333851e+01
2.32726547429377e+02
4.10562893661092e+02
2.66917173501223e+02
2.63152179673535e+02
2.65670945991552e+02
5.50786607179800e+02
4.91810601056114e+02
1.79968692466127e+01
7.31229491201352e+01
2.26462592649700e+02
4.16891435103319e+02
2.72722592284758e+02
2.81752518710215e+02
3.18930436476048e+02
7.70167749591382e+02
7.89290640099218e+02
1.11435286231648e+03
1.79452782712733e+01
6.96898134159743e+01
2.13497029360019e+02
3.94252948938110e+02
2.51981991082881e+02
2.55700535065286e+02
2.89115548843268e+02
6.98537937064213e+02
7.17921377282636e+02
8.86116639204839e+02
6.29911181244735e+02
1.59580541473391e+02
8.64360331610171e+01
8.93676747997407e+01
2.71916146061400e+02
7.94118240695029e+01
1.17784617889276e+02
1.67562909667658e+02
9.90637188164339e+01
1.21937519457332e+02
4.60569930728558e+01
4.09417035221008e+01
7.76929578664032e+01
2.31911212911198e+02
6.44502463766672e+02
6.40466054899739e+01
2.30384690200516e+01
1.90658802300250e+02
8.59016127456154e+02
5.26101316376636e+02
5.38905318976211e+02
6.58814054759652e+02
1.62016153652367e+02
1.51924223187457e+02
2.81745267826319e+02
4.80301004667457e+01
6.92335541742266e+01
8.45807466382760e+01
1.00850626830412e+02
1.94522136800104e+02
3.57590718369340e+01
3.85191303728641e+01
4.46570625075349e+01
1.25076522684753e+02
3.34285432220968e+02
1.11186401733648e+03
2.72751368063100e+01
2.80684598508911e+01
3.61737385020682e+02
5.24212250714106e+02
6.07392682123498e+02
5.47418615659491e+02
8.68097150602248e+02
2.42338348737262e+01
2.03362177383992e+02
3.12037895343035e+02
4.04567115017321e+02
4.19155694213220e+02
3.81581807214100e+02
4.69588533538637e+02
2.39165140642722e+01
1.73132123140278e+02
2.66565170903920e+02
3.58444509493564e+02
3.11309544074664e+02
3.07337409681060e+02
4.18041498396530e+02
1.04254526173325e+03
2.37701370908580e+01
1.56761971821580e+02
2.40783668955439e+02
3.32062572347336e+02
2.54435971221472e+02
2.56112867221158e+02
3.48287328689072e+02
8.38154912807212e+02
5.86667325543115e+02
2.37610925502660e+01
1.52232838286181e+02
2.36032384743455e+02
3.35183782743399e+02
2.55935774687860e+02
2.73406056491650e+02
4.00023046150140e+02
1.08909950292118e+03
7.69898448532255e+02
7.81827776563237e+02
2.36897864497924e+01
1.44618017959324e+02
2.22360023757081e+02
3.18361984511859e+02
2.35439125297140e+02
2.54083172998493e+02
3.73291604995627e+02
1.05327602572489e+03
7.30153340671139e+02
7.12131278097247e+02
1.39359964148087e+03
3.43964778499011e+02
3.08713597559035e+02
2.22058781415699e+01
5.40725716941145e+01
5.54337177403361e+01
5.62387265161671e+01
1.14511938001004e+02
1.53438190529280e+02
4.20131926016245e+01
3.44876548936842e+01
6.24404814508852e+01
2.08593324747361e+02
8.79554187294262e+02
1.55247904201470e+03
3.25483234942535e+01
3.71128001996036e+01
5.70759292811390e+02
4.42453716332573e+02
5.63709604130732e+02
8.51314473669697e+02
1.26468545077323e+03
3.77723164288124e+01
-2.72328097861838e+01
4.18138863603909e+01
4.19200399180048e+01
3.93284861749419e+01
5.47439183593839e+01
1.62374092910480e+02
-7.21676364546326e+00
3.05979116859326e+01
3.67152712377652e+01
1.11099427639609e+02
4.35979863196046e+02
2.52113899291254e+03
2.33341701148691e+03
2.46468384508383e+01
5.42812908087616e+01
7.46559314570159e+02
4.17132617594162e+02
6.12131297455584e+02
9.11259423357409e+02
1.87663002626243e+03
2.65053863492947e+01
2.58009077728129e+02
3.31980504853203e+02
3.00534628205412e+02
3.89326137909801e+02
3.20695992384964e+02
5.06241572764814e+02
2.55092786643288e+01
2.28746320894237e+02
2.92952723059560e+02
2.56479520793269e+02
2.93539727472875e+02
2.55117266731230e+02
4.19829209924681e+02
7.14072349686950e+02
2.50510075091160e+01
2.15694552361088e+02
2.80047445009904e+02
2.50910102108542e+02
2.73685628722500e+02
2.62324574593458e+02
4.80880994538030e+02
9.03620412407198e+02
9.32154506515976e+02
2.48143311674700e+01
2.08357964779911e+02
2.69516442647175e+02
2.41565342911253e+02
2.57667564411270e+02
2.52035189936502e+02
4.70325495293799e+02
9.34124732899751e+02
8.40381849043406e+02
5.27131235553766e+02
3.27741963369082e+03
1.79861813369301e+02
7.20828122794283e+01
5.05989838086669e+01
5.42789702972615e+01
9.45691094356634e+01
4.84840172160275e+02
1.45108558139546e+02
4.25070737774478e+01
5.37326000090462e+01
1.87655625559900e+02
1.16557567687072e+03
2.81979474056553e+03
1.68065867845749e+03
6.64982764315537e+02
1.70208321640892e+02
9.04049656488436e+01
7.17813649258994e+01
8.74756654601471e+01
2.48145831250714e+02
5.46268796361681e+02
1.45551464820526e+02
5.99789450823480e+01
9.20232943489679e+01
3.63002262403599e+02
2.59136811763526e+03
2.47004784016002e+03
1.01027723775344e+03
5.19278309648481e+01
2.59387229380339e+02
4.19492421682182e+02
5.85129119736124e+02
6.25971459288002e+02
1.04878833332550e+03
2.12588808064744e+03
9.19517765691032e+01
2.40504633148298e+02
4.21151214447842e+02
3.09611575413433e+02
3.41727199241742e+02
3.66020340527143e+02
8.31875056846260e+02
8.75146533138856e+01
2.17313443400925e+02
3.77487255901094e+02
2.44355149302138e+02
2.48519810873531e+02
2.59087062561905e+02
5.44305602605230e+02
4.90679182517612e+02
8.61454849302230e+01
2.12676247361178e+02
3.79190593340570e+02
2.44838707406449e+02
2.59419980843025e+02
3.03909925423204e+02
7.46993195223069e+02
7.79721259821218e+02
1.10955064524939e+03
8.46216858568241e+01
2.04257433120506e+02
3.61811437683564e+02
2.26983480612660e+02
2.35072142020587e+02
2.74370347336529e+02
6.73434597778871e+02
7.06273347875935e+02
8.79937095632614e+02
6.28916759279795e+02
4.42896866014448e+02
1.66549626503182e+02
8.97808846271549e+01
9.33300556951945e+01
2.31525342594249e+02
5.56673416499893e+02
9.35608560973247e+02
1.42944990668597e+02
6.25677630534601e+01
1.33871271673762e+02
8.99255257397257e+02
2.33315364394761e+03
1.41597965639096e+03
9.15132336659765e+02
3.12270486795773e+02
1.26954535958433e+02
8.50677493419176e+01
1.40756184827576e+02
3.17171462372133e+02
5.88140488516881e+02
8.49583036270344e+02
1.11847515167315e+02
6.55231509931780e+01
2.02120320239232e+02
1.61378799382123e+03
1.46798556403448e+03
6.13007534366919e+02
7.03665980525237e+02
6.08112048214054e+01
5.62127573297219e+02
3.27216533228923e+02
5.78234307466932e+02
7.84674571207002e+02
1.69990077226745e+03
1.37972966326778e+03
1.65892730203127e+02
2.35370590790246e+02
3.29576618526708e+02
2.85261240328520e+02
2.94884245900148e+02
4.10924458368290e+02
1.03692783686764e+03
1.58239019489556e+02
2.17277596330293e+02
3.06402826160942e+02
2.31791695178962e+02
2.42803015812053e+02
3.37959358969464e+02
8.25992483669406e+02
5.84144007492294e+02
1.56166938465995e+02
2.13611616973753e+02
3.07091629523716e+02
2.30089755979817e+02
2.54748842177450e+02
3.81534834434731e+02
1.05848377941624e+03
7.60271918484165e+02
7.79442377324284e+02
1.52697443670908e+02
2.04571628643125e+02
2.93659023658073e+02
2.11724654239800e+02
2.35432738198326e+02
3.52645822139783e+02
1.01335393753836e+03
7.15889134245297e+02
7.07268073188980e+02
1.39056583085568e+03
1.82750726093004e+02
9.71094861937147e+01
9.22473657655300e+01
1.60888068043929e+02
2.99966776588558e+02
4.40966795590034e+02
8.30149190722404e+02
8.73975500198616e+01
7.49806892716484e+01
5.07938551114406e+02
1.48863149135769e+03
9.20955764192921e+02
6.13901776008263e+02
9.16705758353706e+02
1.06687444034398e+02
7.56872596178279e+01
9.83034225047688e+01
2.01970355299260e+02
3.48147739966559e+02
8.19436477983084e+02
9.07056842798245e+02
5.96980157028161e+01
1.01443392076401e+02
9.21518613512990e+02
9.09320509304565e+02
4.37434341036370e+02
5.53387028283694e+02
6.15444783454970e+02
1.26138203896091e+02
2.46339131778956e+02
4.12586484469963e+02
5.11698547829225e+02
7.16572628095658e+02
1.86004309727413e+03
1.19096993392569e+03
2.10600305738871e+02
2.50165088446471e+02
2.29962218468674e+02
2.67504316547884e+02
2.45148532352153e+02
4.12794350336425e+02
7.11448260552896e+02
2.04563946002740e+02
2.40089499627829e+02
2.21943971751023e+02
2.43237772982658e+02
2.45350251075467e+02
4.61444543638608e+02
8.88170216508216e+02
9.25734533048388e+02
2.01299717529841e+02
2.33203625223206e+02
2.14078153834785e+02
2.28092160578559e+02
2.33972804831274e+02
4.46829730515127e+02
9.11083912057280e+02
8.30204613818403e+02
5.25968954204896e+02
1.12326771308066e+02
7.55373733933179e+01
1.48663171518444e+02
3.13396365892149e+02
9.21319689184305e+02
1.13170801504853e+03
7.52505199712355e+02
5.29182812101754e+01
2.39604126994143e+02
7.72508950993141e+02
4.98787249342517e+02
3.60966466651758e+02
5.16508190250853e+02
2.40379523351364e+02
1.52380627901692e+02
1.22835231613640e+02
2.73829505514521e+02
1.05367572834744e+03
1.56061139127913e+03
1.33493373545398e+03
9.84132212787493e+02
7.95593008013783e+01
5.07844912779704e+02
5.21749831471507e+02
2.87780350130428e+02
3.91627296750957e+02
4.23106895469808e+02
1.84627039723643e+02
2.65129924259918e+02
1.74566820560646e+02
4.01854352603843e+02
4.99927912316144e+02
8.62826814605188e+02
9.98458900989740e+02
8.91441865136488e+02
1.33837757561834e+02
2.70731585745273e+02
1.90377540842138e+02
2.14567952246048e+02
2.43379028111258e+02
5.30356601186038e+02
4.88252605681642e+02
1.31071468071782e+02
2.66568663401959e+02
1.84018633824053e+02
2.13194845771048e+02
2.72293210325339e+02
7.01160580355457e+02
7.60608275127398e+02
1.10027742246479e+03
1.27899405222618e+02
2.56332389947014e+02
1.70868290926052e+02
1.92097074813920e+02
2.43432474930479e+02
6.24531989510475e+02
6.83204223830023e+02
8.68013276223286e+02
6.27062975866136e+02
3.97360065150405e+02
2.69008660410512e+02
1.08351025261246e+03
1.91012723675271e+03
1.91080588557382e+03
1.88842879784375e+03
1.20228939063989e+03
2.37579756537526e+02
5.14722890866726e+02
3.20980165012205e+02
2.78949833341416e+02
4.45438868043804e+02
2.22568843062535e+02
3.12138436763441e+02
3.71526765817573e+02
8.95407032182454e+02
1.33245964724504e+03
1.27456373105575e+03
1.41678903559234e+03
1.13718726833544e+03
6.58499246848258e+02
6.73644974349085e+02
3.66926093269624e+02
2.05532502876258e+02
3.35211460662489e+02
4.33764585291417e+02
2.06561841554103e+02
4.96595668205146e+02
1.88233235941213e+02
2.67719844859892e+02
3.51544967641579e+02
3.27830956882441e+02
7.85963208814735e+02
6.28003366059702e+02
5.33268886058627e+02
1.49864048653415e+02
2.30674850305904e+02
1.75987703860622e+02
2.07285136019774e+02
3.10677689166150e+02
7.94223280447908e+02
5.77661697794599e+02
1.48384963790522e+02
2.28699694534952e+02
1.70546780905663e+02
2.09352553225035e+02
3.36610580337898e+02
9.83516185591098e+02
7.36535056477017e+02
7.73668909360365e+02
1.45689158665651e+02
2.21197250588961e+02
1.57261408409191e+02
1.91233072356246e+02
3.04418240156057e+02
9.19212960446381e+02
6.81610377770424e+02
6.95640058671943e+02
1.38348926172637e+03
8.55784265718783e+02
1.04899116592773e+03
8.00499074755519e+02
8.72428071545468e+02
8.46792074047323e+02
6.93989608018585e+02
1.17777292499151e+03
6.74894853428813e+02
2.45965871609004e+02
2.44647246300122e+02
4.77206312352640e+02
3.30075163397513e+02
5.56001890977642e+02
1.06515420903127e+03
5.93290375994709e+02
4.97335226764642e+02
4.74989667428914e+02
4.92405026191939e+02
4.77088354027308e+02
9.12988358280730e+02
1.06959711570456e+03
3.54306627982202e+02
2.05471928945846e+02
3.75119123996430e+02
5.68087190049545e+02
3.37097479523076e+02
6.72162957302764e+02
9.73269870918739e+02
2.14958417337950e+02
4.47124212288666e+02
4.11804364825011e+02
4.16496835185282e+02
5.23991093994955e+02
5.40836363571091e+02
5.79198533837913e+02
3.35168830286845e+02
2.47294878968972e+02
2.24270279729768e+02
2.33552729784009e+02
4.30110787302422e+02
8.59701489533271e+02
9.12605818575184e+02
3.33584510206188e+02
2.43891571933320e+02
2.14029886665325e+02
2.23776601968057e+02
4.10952095862790e+02
8.69568185169223e+02
8.10080467716800e+02
5.23615553526152e+02
7.59334811495255e+02
5.13563111869583e+02
4.55349195636212e+02
4.11413232541921e+02
6.80528955429179e+02
7.03689841265588e+02
9.87495588775825e+02
4.27489348109629e+02
4.30967163769356e+02
7.35136381687000e+02
5.02081875715053e+02
7.43470970757035e+02
8.14143534961737e+02
6.25543913824452e+02
6.89286610916966e+02
6.03115091488483e+02
5.57828418238294e+02
8.89256467109659e+02
8.39620133032081e+02
1.16663400234902e+03
6.99327146087767e+02
5.64609294887301e+02
9.08138133388116e+02
1.10144909785602e+03
5.64116148048803e+02
7.36770666693356e+02
7.30272745620851e+02
5.64694601739948e+02
1.07598434378679e+03
9.28877817147956e+02
4.44093098349656e+02
6.34224622632775e+02
5.14857111724173e+02
4.61191275195037e+02
8.14065065264531e+02
1.19527110081492e+03
4.46827753517953e+02
3.55211294795598e+02
3.62746256014893e+02
7.10944699877562e+02
7.65690341798299e+02
1.09640999854747e+03
1.19505882408960e+03
4.43404091630130e+02
3.46346073285130e+02
3.47815877988217e+02
6.44574967054714e+02
6.93891366183787e+02
8.66370373134090e+02
6.25505807932584e+02
6.34882994439932e+02
6.95718521144850e+02
1.08602916797923e+03
9.22088185526952e+02
1.18744096187876e+03
6.75001952076661e+02
3.18779788911970e+02
8.59257634483249e+02
1.39394223387465e+03
9.09905089677281e+02
1.19487534682442e+03
8.06444459351369e+02
6.16881300330075e+02
1.08369368609657e+03
7.59316656996045e+02
1.30634760255824e+03
1.07205529355972e+03
1.28536363843076e+03
6.46576420357674e+02
2.34287897673211e+02
2.30752645598500e+02
1.46618027317326e+03
1.79984059337238e+03
9.06231513990968e+02
1.08775892750730e+03
8.57494941052834e+02
8.45710498492883e+02
1.64837383181288e+03
1.76675172122296e+03
1.05426910411147e+03
5.34489073364329e+02
4.69719871251819e+02
4.33918778194086e+02
3.79611594243672e+02
4.77941618751790e+02
1.18360005818418e+03
5.07628693798992e+02
4.51895376432165e+02
4.72873662791929e+02
1.04645934016551e+03
7.50340551041588e+02
7.74851844774073e+02
1.18731123808944e+03
5.07789693671044e+02
4.55179097708983e+02
4.67113789781123e+02
1.00627418174944e+03
7.05116477467585e+02
6.99456239374736e+02
1.37955868661666e+03
1.25136750468603e+03
1.21803928421834e+03
1.58205217053595e+03
8.20262649957581e+02
2.65503797618971e+02
2.70848438157423e+02
6.64468350455452e+02
1.72451709592615e+03
1.28287402005368e+03
1.70766451213063e+03
9.06793138196866e+02
7.04783229301977e+02
1.60588409338701e+03
1.37484325272519e+03
1.57930995569647e+03
6.25629830633952e+02
6.01272826816812e+02
4.58517259805308e+02
4.10679570056982e+02
4.19868321098299e+02
5.17425384299633e+02
7.36385421318828e+02
1.36220980067588e+03
8.86133138979860e+02
3.30982347330592e+02
3.58822141356949e+02
5.08628659437882e+02
3.66376229795533e+02
1.41394948426817e+03
8.72790811864049e+02
1.20474708000131e+03
8.34758361240367e+02
9.29354367157386e+02
2.53329778310339e+03
1.29133013311037e+03
9.98856142499212e+02
4.96580280030314e+02
5.65886770178153e+02
4.41512700622906e+02
3.79215686133433e+02
5.45970282730018e+02
7.58756443266463e+02
7.34636129510324e+02
5.06924984478777e+02
4.56167782130439e+02
5.25829741733318e+02
9.41618662199649e+02
8.22467696841417e+02
5.24135033829398e+02
1.42160185211563e+03
1.11543405177983e+03
4.90094988348318e+02
6.31487243970330e+02
7.90620850949676e+02
5.02279613277196e+02
7.92144817532274e+02
1.07144577515035e+03
1.50486895409431e+03
7.66293085686409e+02
6.23799302925135e+02
1.62453370233159e+03
1.96374132571614e+03
1.20965276808461e+03
1.18963091746382e+03
4.46485320668370e+02
5.15104721551365e+02
4.68497929779312e+02
4.07505043013440e+02
6.41678947972520e+02
1.47862959590097e+03
1.11798286501733e+03
6.00377737286187e+02
9.26806881804944e+02
1.24794925420292e+03
6.26648285213929e+02
1.22318402457859e+03
9.32532172597199e+02
7.79454530122452e+02
1.13256034861895e+03
6.62204348427915e+02
7.29204723638397e+02
2.36229862542382e+03
1.59305620962201e+03
9.93093586976821e+02
8.35746790653257e+02
4.50850760018918e+02
4.52310459391099e+02
4.99183590354400e+02
4.42427854652966e+02
6.19831043850045e+02
1.86056329711575e+03
4.87892557314579e+02
4.65306780911232e+02
5.02944996430000e+02
6.98923901206934e+02
7.29640013941063e+02
8.72049930060539e+02
6.23648659293927e+02
7.37232406577564e+02
1.11683553211620e+03
1.52969568872770e+03
6.03863370815186e+02
1.03348671259324e+03
8.07285693630828e+02
7.48208036135866e+02
1.39028077753531e+03
6.67925670278768e+02
4.93103121825007e+02
1.20401766418983e+03
1.72797589199138e+03
1.40998569070443e+03
9.17891192913330e+02
8.43801122826875e+02
1.30854402814005e+03
5.08314811529792e+02
7.50906064599081e+02
6.00905704432819e+02
5.59335995274689e+02
5.65776197889583e+02
9.39554291380293e+02
4.93039683331332e+02
4.96788396094095e+02
1.61676751577864e+03
1.30932712041196e+03
1.10374416287864e+03
9.15040364281433e+02
4.04971532506353e+02
5.39352291011464e+02
4.89005089572600e+02
4.73525425095054e+02
5.68033189305843e+02
7.03134588537493e+02
1.04829372072032e+03
4.20590456718277e+02
5.41248481374134e+02
5.90144077463307e+02
1.03675959441030e+03
7.13910980003335e+02
6.98158146589564e+02
1.36867244372127e+03
5.72546089131582e+02
2.94768293198676e+02
4.17442611361332e+02
3.83236490412903e+02
4.14952965234959e+02
5.64581909561009e+02
7.19838358634742e+02
2.99589873863235e+02
2.62778876031321e+02
6.54363657868321e+02
1.08189970982518e+03
1.14324554705598e+03
9.89247796080801e+02
9.27244821454886e+02
2.38515204485557e+02
3.22351040174356e+02
3.01450953251983e+02
3.79522967461813e+02
6.90282994573506e+02
1.26372046032958e+03
9.09494042633103e+02
2.57365736378955e+02
2.92224526370734e+02
9.55717550116884e+02
8.94737144830779e+02
9.87929232866672e+02
1.06719325984691e+03
9.89469843308489e+02
2.88572661175137e+02
3.92730544864413e+02
5.22327765409631e+02
4.49760444986844e+02
5.03962431511684e+02
1.10290689054371e+03
5.02501206931769e+02
6.04095967241970e+02
3.34274365047796e+02
3.66765633187003e+02
7.29280729231327e+02
1.56148120368909e+03
1.40424394311186e+03
7.30893648642925e+02
2.81073995142885e+02
5.24988413015776e+02
7.63921378211575e+02
8.70754319886938e+02
9.02480152111565e+02
1.03050943620059e+03
9.86255427408889e+02
5.50733602838836e+02
4.30323561689754e+02
7.21049288001884e+02
1.56179170362081e+03
1.60830511448880e+03
1.00462570437037e+03
7.26300097489507e+02
4.17533169691274e+02
7.59285434776352e+02
6.12128471585966e+02
7.12659363070221e+02
8.55895267292884e+02
8.66818950429477e+02
7.62537785940189e+02
5.06377490070372e+02
4.80996406117095e+02
5.24493063361928e+02
5.62789661372285e+02
6.02127930006305e+02
6.54317886623710e+02
6.31659851604013e+02
7.27331612535163e+02
9.73451348703772e+02
1.63571582883261e+03
1.70724925020861e+03
1.20180996944724e+03
1.11621809387057e+03
7.49945480438792e+02
9.22717381482329e+02
7.35099753005278e+02
6.77546457474599e+02
6.92981854559016e+02
8.22361131690174e+02
7.58393650979667e+02
9.05069996086864e+02
1.04434852301091e+03
1.45251662635691e+03
1.45582411421246e+03
1.10619108429540e+03
1.22372810039437e+03
1.03128937774794e+03
6.16919992846280e+02
1.05264281762507e+03
5.90136311720995e+02
6.15683563970538e+02
7.09318969232458e+02
6.90124152089901e+02
5.35836592128512e+02
8.53409629201056e+02
5.46862474620830e+02
6.96876886333343e+02
6.09185480824954e+02
5.79840336527072e+02
1.20098215860825e+03
4.65687821001435e+02
1.11352381238686e+03
1.02777551007687e+03
9.50791719823424e+02
7.66666366394416e+02
1.01554160143780e+03
1.07546581464462e+03
8.14136565182462e+02
7.30697595509167e+02
6.52571640632949e+02
5.68252809913058e+02
5.93627379581913e+02
7.13740655093433e+02
5.90702552453334e+02
5.08539472695168e+02
8.06314945177425e+02
6.43908908184133e+02
5.81198488626708e+02
8.22880746168072e+02
9.93596137559255e+02
8.71743558607137e+02
8.96172240903959e+02
7.90419417647095e+02
5.18076572160431e+02
6.44841736981147e+02
8.04764390478264e+02
8.20264068205729e+02
5.87700277424632e+02
7.11363791853431e+02
1.15150602473472e+03
6.95557138297428e+02
8.93304561977684e+02
8.97578396838412e+02
7.48072439193137e+02
9.13573780580006e+02
7.53183885039743e+02
1.30665710578928e+03
6.14206169440927e+02
8.44966454894327e+02
1.02137529658639e+03
9.36961947041652e+02
1.01665349706638e+03
9.29388760818189e+02
8.24134121220691e+02
7.65705872372913e+02
8.62409026361172e+02
1.09002540534305e+03
9.10070038051476e+02
7.11776025630775e+02
9.67667730708700e+02
1.32025960820755e+03
8.10893327331528e+02
1.06276816845801e+03
1.03614972339335e+03
1.19648711540293e+03
1.14514688009912e+03
1.00327268432771e+03
9.00536861997062e+02
9.74910953744730e+02
1.27422582382311e+03
1.31395972239509e+03
8.80521781914014e+02
8.57212107523323e+02
1.03970578065549e+03
9.29357024516676e+02
1.45492871431505e+03
1.38159479924881e+03
1.00273536401274e+03
1.54206630618632e+03
6.21345975679651e+02
1.21173630879909e+03
9.20636141412671e+02
7.92163586443297e+02
9.29696456450533e+02
1.23906686053976e+03
1.33917443192294e+03
1.25516563568944e+03
1.07875195461458e+03
1.02689127415164e+03
9.76552151863323e+02
1.43814152947752e+03
1.23959491332400e+03
8.43602169481736e+02
8.05986238124996e+02
6.90203783224061e+02
5.40156109574235e+02
6.70624390096643e+02
1.07259892555825e+03
1.33419907598139e+03
1.39430801615472e+03
1.22928240715708e+03
1.09814371636682e+03
8.98703374888915e+02
1.13764503875228e+03
1.50447492642217e+03
1.12574013651161e+03
9.94835412492952e+02
8.58640017198712e+02
4.64978289739690e+02
8.09581834386755e+02
1.65101478412601e+03
1.75916982301354e+03
9.51170079695558e+02
1.06012376035091e+03
7.85830138184945e+02
9.33419537590468e+02
6.39395665730731e+02
7.35801473837591e+02
1.09869424155891e+03
1.32378146526251e+03
1.25725086110784e+03
1.08386809913553e+03
8.28101426767884e+02
1.25041502829668e+03
1.19655134438314e+03
1.41974239264229e+03
1.16226600784683e+03
1.08869070999675e+03
7.81306153018647e+02
5.14023783139033e+02
2.15728844172917e+03
6.71348072016453e+02
1.02746838517390e+03
1.14353743447536e+03
1.06989080856092e+03
8.34680046842008e+02
1.12183259639532e+03
1.58015055132082e+03
1.10048534588659e+03
1.20299213858268e+03
1.36118765657935e+03
1.18216668451647e+03
5.88803579521020e+02
1.01641604501518e+03
2.10249480578148e+03
1.47371703444084e+03
1.27327278299554e+03
1.44731256969526e+03
5.75997078276979e+02
1.06441848505563e+03
6.05472977281302e+02
6.31019046889125e+02
7.52584984495115e+02
9.78355122232844e+02
9.91808061243275e+02
8.01303964008193e+02
9.11469323793508e+02
1.01940076223060e+03
1.31750523515683e+03
1.05469391469566e+03
1.21225958344801e+03
1.43998674524666e+03
1.10120543385414e+03
6.49815180695254e+02
2.84587087432238e+03
1.87062472508620e+03
1.45178525267268e+03
1.04657524967399e+03
1.41020235522984e+03
5.57720130199595e+02
9.64171059702142e+02
4.84965455565376e+02
7.69890755605380e+02
7.93693648015092e+02
9.02360887574467e+02
8.26132526522052e+02
9.27292814110530e+02
9.15648340041424e+02
9.44086050053975e+02
1.24227395063982e+03
9.69367983753809e+02
1.42951235879907e+03
1.43139440738808e+03
7.26255005507364e+02
1.13181063892499e+03
2.33887590250529e+03
1.57406462217643e+03
1.58137454381228e+03
8.99521726733574e+02
9.97498565993574e+02
6.65576258325394e+02
7.73942245468054e+02
4.61055543534504e+02
1.36442886281805e+03
7.93763303931381e+02
8.38002022745625e+02
1.05062322500439e+03
1.13807808225556e+03
1.08526424935079e+03
1.36133570962776e+03
1.34751333631595e+03
9.94748862275565e+02
1.44699056947101e+03
1.20540844504787e+03
6.15324522125223e+02
2.46619690470483e+03
1.35076238793743e+03
1.13518114469514e+03
1.50758769316218e+03
9.64252916471566e+02
6.55227540196596e+02
8.89091696684149e+02
6.64872266262668e+02
5.53472718358964e+02
2.49858979283963e+03
8.07980853993429e+02
1.02899667997366e+03
1.24184625372567e+03
1.19245764058233e+03
1.48404139682022e+03
1.25637905385364e+03
2.12051091452523e+03
1.16623723367789e+03
1.34119235990091e+03
7.01756881131687e+02
9.20463762959857e+02
1.68985428560288e+03
8.77644413472046e+02
7.85603982450367e+02
1.16218479933307e+03
1.21272967788242e+03
5.37752945039877e+02
1.02145205818048e+03
5.90616262787534e+02
7.59859662935115e+02
3.82313727589380e+03
9.30671130064111e+02
1.15681086114244e+03
1.08284477135010e+03
1.27178543367479e+03
8.92674821201350e+02
9.05170637387666e+02
1.80801739714654e+03
1.19726950344259e+03
1.11662996640656e+03
5.17602410175395e+02
1.85150839443105e+03
8.02704498819719e+02
5.48345856321434e+02
6.26910032704434e+02
8.46090078944841e+02
8.70417965521452e+02
1.03467936582234e+03
6.74231328929177e+02
4.54706464647459e+02
5.67780475736585e+02
8.52562758679495e+02
9.74904535946388e+02
6.11162715552004e+02
7.25092557253692e+02
1.33271378099288e+03
5.41484035318726e+02
4.65378341326843e+02
1.04534237269932e+03
9.84335129444207e+02
1.13110727405661e+03
7.27647560893104e+02
4.17422330900685e+02
5.22002154532323e+02
1.08690373190691e+03
2.26880272294255e+03
1.03225852156445e+03
4.59082568199725e+02
1.52906165725617e+03
6.49718238219500e+02
4.04774488983259e+02
5.27606010791282e+02
1.40311746654642e+03
1.39828725967656e+03
8.95346100512329e+02
4.76529527998994e+02
5.52634354621862e+02
1.23981506338579e+03
2.69936126287292e+03
1.32505340734423e+03
7.76622228458127e+02
6.95037517282256e+02
1.25160430153019e+03
4.63151462510476e+02
3.97038963326629e+02
9.31209106614216e+02
1.43444894240564e+03
1.00778127685491e+03
6.02754450018110e+02
6.24893434027404e+02
1.38370375175596e+03
2.87513327683892e+03
1.53783151346135e+03
1.38423746069000e+03
6.14887640327244e+02
1.54127286755229e+03
6.48961260461732e+02
3.87432442062278e+02
5.26851939125267e+02
1.23805649801929e+03
1.64050082786140e+03
9.93069369958671e+02
8.47412512971988e+02
1.62519039855523e+03
2.91061491872666e+03
1.51360956415465e+03
1.58217852205511e+03
1.45701344570525e+03
9.99136666245109e+02
1.43521291555654e+03
5.15144093038808e+02
4.29547253197880e+02
9.71558469886214e+02
1.09895364253228e+03
1.55589672987682e+03
1.17141581405723e+03
1.76634935490253e+03
2.45641627627877e+03
1.14988289387889e+03
1.17023936425944e+03
1.33412273969783e+03
1.18649148733856e+03
1.88138460044213e+03
6.98809459935549e+02
4.41628953980070e+02
6.12715727564779e+02
1.25621722284226e+03
1.21719331672774e+03
1.63046477766872e+03
2.43982815693183e+03
2.06989358426463e+03
7.99789399924026e+02
7.63803973333462e+02
9.24178668232852e+02
9.86252891013692e+02
1.14538558703794e+03
1.31653646104035e+03
4.74034375048833e+02
4.46542400858275e+02
1.04336289624106e+03
9.81829232727870e+02
1.16760463036443e+03
1.49822878171088e+03
1.49752135097182e+03
5.96663003365385e+02
5.59735518428850e+02
6.23905923883245e+02
6.57704850313486e+02
7.88525002259402e+02
8.42711595772184e+02
5.36774834593493e+02
4.27319135524620e+02
6.27287002427108e+02
1.24824816485929e+03
8.93498734189115e+02
1.00994118012008e+03
1.24488413847485e+03
1.06622462939002e+03
7.76775199092877e+02
6.21010676680215e+02
5.35803384433925e+02
5.84703076844617e+02
6.92188800460708e+02
1.16949093696860e+03
7.26385238137721e+02
5.99601561396993e+02
1.23602451783404e+03
9.89578909494567e+02
8.33708679608746e+02
8.02880363938522e+02
1.12074132816120e+03
1.77802260666085e+03
1.06050004471233e+03
7.26646932602453e+02
6.71338925918149e+02
7.77447655687327e+02
1.43739476085822e+03
1.47059775694845e+03
1.10639180737113e+03
1.17156359910874e+03
1.82596500804875e+03
9.62479236073094e+02
7.67911691572342e+02
6.81473215732452e+02
1.29342620165794e+03
1.32595785378312e+03
1.01716459784265e+03
9.18567154140044e+02
9.62385943737364e+02
1.52053663937719e+03
1.48673761688657e+03
1.14676445546526e+03
1.28182112803185e+03
2.02965964266200e+03
1.30789735795193e+03
8.52929552406697e+02
6.30538885529737e+02
6.02114454604501e+02
1.39792117252529e+03
1.27663373016829e+03
1.41523685340226e+03
1.45987248034940e+03
2.00218304562771e+03
1.53108309501531e+03
1.43901080267695e+03
1.71992228535037e+03
1.80000723985726e+03
2.38166663533422e+03
1.00850068233130e+03
6.80701120094346e+02
4.98865911117922e+02
6.18474740381345e+02
9.38606521945813e+02
1.43497267821523e+03
1.79488746069374e+03
2.51811103253887e+03
1.58017942173564e+03
1.24088251553166e+03
1.68209509760185e+03
1.50448513016346e+03
2.25221309289648e+03
1.41658054657466e+03
7.82621612721651e+02
5.27894712564370e+02
4.39600372268892e+02
7.18536086166088e+02
1.12972500498883e+03
1.28122515567305e+03
2.13506817737536e+03
1.39575051972180e+03
9.59909791848232e+02
1.19423746076181e+03
1.33214392369737e+03
1.48131128940847e+03
1.83457353332497e+03
8.15962609563655e+02
5.57883579369604e+02
4.10305506802817e+02
5.15620390709276e+02
9.13266253048680e+02
2.62802689344200e+03
1.39972049456575e+03
1.11720384868969e+03
7.96853905197066e+02
8.69247485086523e+02
9.86508870644142e+02
1.39489967637298e+03
1.43038300137938e+03
9.75884808813337e+02
6.32986576462060e+02
4.64181656378385e+02
3.96050679853526e+02
7.59816554748966e+02
1.92077915259017e+03
2.90820620031696e+03
9.69882680775943e+02
8.11956216580105e+02
8.11518328029616e+02
7.92285528456820e+02
1.02623575250357e+03
1.30498304995082e+03
1.43283199942890e+03
7.83994223856494e+02
5.81111192531712e+02
4.30359173656934e+02
5.51190445576982e+02
1.18431436128892e+03
3.98300905998261e+03
2.51352247445435e+03
1.44851081720807e+03
1.14074212875090e+03
8.81144137556747e+02
8.62667817929811e+02
9.63321048551857e+02
1.18532919922765e+03
1.71165499881081e+03
1.02126178731072e+03
6.17329957141689e+02
4.62908904037408e+02
9.03649838371247e+02
2.74161836968314e+03
4.07791892109115e+03
2.39883987114553e+03
2.19710996015158e+03
1.36941161524064e+03
1.01776279517856e+03
8.15878773409993e+02
8.00753624263953e+02
1.20849006139632e+03
1.90910272181211e+03
1.78550899438874e+03
1.40339299574288e+03
9.75148667746662e+02
7.29924699267585e+02
8.93939919277966e+02
1.48092700821678e+03
2.88736853885135e+03
1.97854585268912e+03
1.44431054931874e+03
8.91552140952111e+02
7.65156728073013e+02
9.89090990153519e+02
1.60099759209360e+03
6.91918645946605e+03
1.67128956981349e+03
1.18105565128786e+03
8.69649840038715e+02
8.25676450717473e+02
8.59240681032200e+02
9.97800968634358e+02
8.09970233558912e+01
1.46122978307461e+03
1.26153285557160e+03
1.03568119380885e+03
9.21010090092796e+02
9.12781178708718e+02
1.35562150354298e+03
2.38200581497863e+03
1.41096229789671e+03
1.43191081156150e+03
1.20544429584625e+03
1.04918845518218e+03
2.20288536480648e+03
2.80585273815669e+03
2.53471278239825e+03
1.46424393609548e+03
1.50896907553441e+03
1.18748831964363e+03
2.49802687933354e+03
2.92713253359276e+03
2.57206948708278e+03
2.26191810946146e+03
1.56067289062530e+03
1.32990496988150e+03
2.33177117716944e+03
2.66263001574501e+03
2.33590634146924e+03
1.90564106790257e+03
2.57229547487795e+03
1.27918727066494e+03
2.10340584457795e+03
2.12973267712786e+03
1.76320317589555e+03
1.49249248445165e+03
1.82736664568631e+03
2.42215707671454e+03
