1.29641327919562e+02
8.03559555215864e+01
4.07413083320735e+01
1.00016262257966e+02
2.65095239412419e+02
1.87290079464912e+02
3.06514019777844e+02
7.62243571248616e+01
1.38711154644427e+02
5.46889292337606e+01
4.42854674256308e+01
5.81439695802087e+01
1.77585174369515e+02
3.30071031416009e+02
7.11093269386186e+01
2.07965582276445e+01
7.86328546822156e+01
1.12056785205595e+03
4.63370149687409e+02
4.91379909840714e+02
7.71793911019146e+02
2.40048393750946e+01
1.09957234414120e+02
3.39066867526549e+02
5.73751475327753e+02
5.22319539373640e+02
5.51925693040462e+02
5.21761189317499e+02
2.36756185951201e+01
8.65746907216571e+01
2.63984697473966e+02
4.67063560173641e+02
3.42397602981370e+02
3.52505699665736e+02
3.64177111353664e+02
8.21635300187401e+02
2.35601372999793e+01
7.70568418664270e+01
2.31216411758846e+02
4.15351019400362e+02
2.71462658367165e+02
2.61818261645533e+02
2.66264302325401e+02
5.60320175968875e+02
4.96356583173631e+02
2.35750852793787e+01
7.35698962891256e+01
2.24144087677873e+02
4.20015797109955e+02
2.74890648473634e+02
2.77056595540220e+02
3.15235204977748e+02
7.69137572853995e+02
7.73764252392187e+02
1.13837598754008e+03
2.35331359570940e+01
7.01691117292432e+01
2.11480560342788e+02
3.97664302940329e+02
2.54300870845409e+02
2.52160619451422e+02
2.87147018579120e+02
7.01169932351673e+02
7.10305020201331e+02
9.19357474771646e+02
6.04349805952115e+02
1.61231503865204e+02
8.42787398111631e+01
1.13586574657348e+02
2.62560576490852e+02
8.94722512883205e+01
1.19738951942541e+02
1.64765491077139e+02
9.79096307218571e+01
1.44765353923234e+02
4.35480935381871e+01
3.98461787071673e+01
8.00746140932040e+01
2.09229393967417e+02
6.53398175018492e+02
7.45035344065706e+01
2.29917498840641e+01
1.89346986090225e+02
8.83598832953162e+02
5.15152186673290e+02
5.49335697600619e+02
6.74148304457412e+02
1.67262173220781e+02
1.62164896001012e+02
2.96969886987688e+02
7.14181231645094e+01
6.81765002456685e+01
8.26756819691982e+01
8.94788165278494e+01
2.04142475497357e+02
5.34615526312810e+01
3.65402847271222e+01
4.52573144860325e+01
1.20988745290656e+02
2.90143394344700e+02
1.22320810031242e+03
3.73967935541314e+01
2.74988613395954e+01
3.66551149172275e+02
5.15033541408582e+02
6.09100441985290e+02
5.63143813439908e+02
8.72528627426886e+02
2.31163105932229e+01
2.07732089694235e+02
3.09501111532818e+02
4.18063671102902e+02
4.24160286934544e+02
3.86078492252355e+02
4.84931857288492e+02
2.27864223917679e+01
1.76349377551676e+02
2.63068754544656e+02
3.67797455532286e+02
3.09971853549349e+02
3.06039140085662e+02
4.20001811108741e+02
1.07735390084471e+03
2.26376739282003e+01
1.59692487042230e+02
2.37430385763137e+02
3.40298092134335e+02
2.52276688440017e+02
2.54734129267480e+02
3.49652914432533e+02
8.56328773837323e+02
5.88721850135096e+02
2.26704328512631e+01
1.55191498242453e+02
2.33041830899167e+02
3.44102398008452e+02
2.54893255806492e+02
2.74325285961815e+02
4.05168851547692e+02
1.11401691909593e+03
7.73685908691997e+02
8.00075971611114e+02
2.25567070346074e+01
1.47180516691823e+02
2.18794482477978e+02
3.25404715516363e+02
2.32243819057855e+02
2.51809428870414e+02
3.73078939555433e+02
1.06681610926869e+03
7.20987705532665e+02
7.11195088820181e+02
1.43686152995493e+03
4.01246765153467e+02
3.76034286201573e+02
6.53725858499649e+01
5.11448798230259e+01
5.35684327440876e+01
5.18667838531601e+01
1.04840260972891e+02
2.15873185610466e+02
3.86106341756633e+01
3.39381630456466e+01
6.52646630305176e+01
1.93156492875380e+02
9.08866710335359e+02
1.64327002379896e+03
2.99820022514998e+01
3.55791165763426e+01
5.79360435824025e+02
4.42368800630308e+02
5.56571120071392e+02
8.99224441381222e+02
1.27607627317732e+03
1.61746235696745e+03
5.32549762514033e+01
4.21867828165259e+01
4.20750573024295e+01
3.84063692935790e+01
5.41982229685695e+01
1.65465761410451e+02
4.59906340981695e+01
3.12446644098596e+01
3.81517101303484e+01
1.05487581934401e+02
3.70666557918781e+02
2.58916855063025e+03
2.34494893908140e+03
2.59295800489692e+01
5.02805102633181e+01
7.77846526694517e+02
4.09107709869245e+02
6.13558636963154e+02
9.47650702241641e+02
1.92394914423528e+03
2.68419668911351e+01
2.63811402333349e+02
3.34527547998567e+02
3.00912769335073e+02
3.89692248414919e+02
3.16355553982371e+02
5.01476486530537e+02
2.59718634629340e+01
2.34907457806458e+02
2.95959919994039e+02
2.57832279920706e+02
2.96128014109565e+02
2.54710002087143e+02
4.23626846750672e+02
7.46958076966765e+02
2.55577951522594e+01
2.21266545595551e+02
2.81926350730949e+02
2.50824613427373e+02
2.73350007250204e+02
2.58764356732773e+02
4.77031511310802e+02
9.04324098479254e+02
9.44775894836339e+02
2.53564711404834e+01
2.14059735039436e+02
2.71588050182156e+02
2.41876178127886e+02
2.58172255922886e+02
2.49787650688619e+02
4.69454767787894e+02
9.41839120597390e+02
8.60151452521499e+02
5.11291146355489e+02
-1.15428407360769e+03
-8.64967015947508e+00
2.44656632765127e+01
3.24646175952641e+01
4.62846580530630e+01
8.61784719847852e+01
4.72468101428246e+02
-4.94565235614579e+00
2.21419272829108e+01
4.76122826995728e+01
1.67765756326142e+02
1.17535765256841e+03
2.85158911483848e+03
1.76693905305555e+03
6.33515847137451e+01
1.06523151797618e+02
7.30936143989762e+01
6.58673706134537e+01
8.23805299143501e+01
2.44194748686656e+02
4.56372332898969e+02
9.40447267787991e+01
5.43005746138354e+01
8.55738099249248e+01
3.12892853370792e+02
2.69881161406492e+03
2.52054278159881e+03
9.33046285615819e+02
4.64474383120622e+01
2.59782278034174e+02
4.09353449913386e+02
5.83300765919697e+02
6.37833354595754e+02
1.03883427885226e+03
2.14014843298078e+03
8.93535205774914e+01
2.36372482184014e+02
4.22670284657281e+02
3.11774057829979e+02
3.34442307991947e+02
3.57267126734901e+02
8.16613820790594e+02
8.50096916465207e+01
2.14092112172824e+02
3.80477773595170e+02
2.47859261220038e+02
2.47046828561255e+02
2.59604387921721e+02
5.53684800433566e+02
4.95204298281781e+02
8.35014245906582e+01
2.08867480100015e+02
3.80788690100428e+02
2.46210032019025e+02
2.54937240124269e+02
3.00370279114210e+02
7.45957563093022e+02
7.64377429195517e+02
1.13347633801318e+03
8.19855341079266e+01
2.00628333713142e+02
3.63589860072348e+02
2.28444793327756e+02
2.31611953224121e+02
2.72446801098137e+02
6.75906208321156e+02
6.98754124468494e+02
9.12945281730101e+02
6.03393467527909e+02
2.81509269036920e+02
1.42959278002136e+02
8.51224340616839e+01
8.85439251007495e+01
2.26024050639137e+02
4.76474918288390e+02
6.86757560526228e+02
1.24909563646706e+02
6.15534907332388e+01
1.20608889954696e+02
8.95324302286731e+02
2.31834507289631e+03
1.44587417592695e+03
8.77274812445775e+02
2.67226727108412e+02
1.22538342850993e+02
8.27437117384302e+01
1.42199884972577e+02
2.84785695349085e+02
4.89047043634652e+02
4.03373399812321e+02
1.08200331742234e+02
6.22094971069972e+01
1.76235150983326e+02
1.67743747515199e+03
1.48540060693234e+03
5.67586554695172e+02
6.75446406763100e+02
5.64508260117316e+01
5.83787216104081e+02
3.19551180056571e+02
5.79262137118362e+02
8.12356413300309e+02
1.73512628327733e+03
1.34981362698788e+03
1.67396726778804e+02
2.31185622876074e+02
3.37309135655007e+02
2.83545545638209e+02
2.93548076764780e+02
4.12824487557946e+02
1.07151887291552e+03
1.59593033634838e+02
2.13157278073751e+02
3.13112310197630e+02
2.29303219328143e+02
2.41377140136140e+02
3.39237624981979e+02
8.43847710428942e+02
5.86167353689195e+02
1.57523654639033e+02
2.09704298729359e+02
3.14214728370900e+02
2.28477246372688e+02
2.55354619450181e+02
3.86318712942335e+02
1.08259364078395e+03
7.63947909892378e+02
7.97623646678077e+02
1.53866833668338e+02
2.00284518646625e+02
2.99330765520058e+02
2.08328531835891e+02
2.33203794732943e+02
3.52393530098082e+02
1.02629849505226e+03
7.06835059386374e+02
7.06324671954067e+02
1.43375848302671e+03
1.83502506816782e+02
9.73274903307064e+01
9.48718342726685e+01
1.48906775926190e+02
2.69126974990026e+02
3.29153266184310e+02
9.18336577123444e+02
8.76452139389589e+01
6.84666983152856e+01
5.08008800816873e+02
1.48599836068772e+03
9.40972373114029e+02
5.88371949706797e+02
8.50726317826224e+02
1.17298098707044e+02
8.02313821307912e+01
9.06302479653517e+01
1.82468604781523e+02
2.81756757051872e+02
8.91174526137501e+02
9.63918417952687e+02
6.12186939869352e+01
9.20902791337711e+01
9.74146683098696e+02
9.30914443955470e+02
4.11873583737774e+02
5.52841837035333e+02
5.99866589249144e+02
1.29337984077149e+02
2.41490057775208e+02
4.11391945732670e+02
5.19168300069392e+02
7.01654633566926e+02
1.84695324876879e+03
1.14888112053023e+03
2.18026505781711e+02
2.52321592066721e+02
2.30866797033190e+02
2.69780241799779e+02
2.44701208899847e+02
4.16505609424634e+02
7.44181795333350e+02
2.11749677847511e+02
2.41513577115298e+02
2.21715345332887e+02
2.43004698631613e+02
2.42043802444835e+02
4.57774401186066e+02
8.88853972849885e+02
9.38255632455102e+02
2.08548782766074e+02
2.34738567974298e+02
2.14135117445671e+02
2.28549978034126e+02
2.31862365944290e+02
4.45997590340058e+02
9.18565734092118e+02
8.49699851359434e+02
5.10158990649070e+02
1.23542329169262e+02
7.16325080876412e+01
1.39296657065780e+02
2.65562222514481e+02
1.02766205609941e+03
1.23618894799229e+03
8.70658154627742e+02
5.14603897536736e+01
2.45119728477543e+02
7.87100641632432e+02
5.19947162777894e+02
3.53017954107964e+02
5.03069276225767e+02
2.23066455753467e+02
1.46269331936175e+02
1.21779059911145e+02
2.36813124305376e+02
1.16626913690701e+03
1.65970446194929e+03
1.40815073800005e+03
1.14033004911340e+03
8.09323048793650e+01
5.45002857269348e+02
5.36671363044603e+02
2.72843410808067e+02
3.96368693398094e+02
4.26039931121653e+02
1.93394980971886e+02
2.82646526977306e+02
1.70168951542955e+02
4.03445692524656e+02
5.14512130741656e+02
8.68932493714413e+02
9.67215439688861e+02
8.69152418484550e+02
1.32966418683790e+02
2.74503987713225e+02
1.93133652670399e+02
2.13359753562849e+02
2.43919870082863e+02
5.39482141190000e+02
4.92750171474316e+02
1.30027897898922e+02
2.69645037577223e+02
1.85280362440873e+02
2.09738923309952e+02
2.69318149782126e+02
7.00238590016136e+02
7.45672052707473e+02
1.12402795349292e+03
1.26926750088281e+02
2.59518198727573e+02
1.72185537010494e+02
1.89475570880296e+02
2.41904261533841e+02
6.26857786745867e+02
6.75949606547428e+02
9.00601330391239e+02
6.01609702079701e+02
4.06401570749612e+02
2.43166188599825e+02
1.15365722506882e+03
1.92877929349877e+03
1.85611674965154e+03
1.94519451648502e+03
1.22246876625141e+03
2.45168268451549e+02
5.26670478349455e+02
3.36215842089686e+02
2.74524970267401e+02
4.42892344917580e+02
2.25033557805358e+02
3.71322782779881e+02
4.28644538124825e+02
1.02307148385814e+03
1.40782162798148e+03
1.27531826096188e+03
1.50838265539357e+03
1.18843166716993e+03
5.80802044641473e+02
7.74280087412418e+02
3.82726970330923e+02
1.97398590364095e+02
3.43599251283850e+02
4.42397372776930e+02
2.16260662002882e+02
6.06311439845365e+02
1.91304075161135e+02
2.72963132348010e+02
3.60972059443321e+02
3.25458003071078e+02
7.95441278082415e+02
6.20004264381587e+02
5.10395256707728e+02
1.50512961424742e+02
2.38827163857965e+02
1.74564413064335e+02
2.06713262399378e+02
3.12172841389427e+02
8.11500055619690e+02
5.79652613702527e+02
1.49125880067845e+02
2.37091354454647e+02
1.69740891063676e+02
2.10455472360454e+02
3.41182767132607e+02
1.00610161753620e+03
7.40065871346127e+02
7.91711411167147e+02
1.46345985148946e+02
2.28935757990112e+02
1.55430029549464e+02
1.90341470498235e+02
3.04796998559176e+02
9.31308685630635e+02
6.73005026793392e+02
6.94725382224781e+02
1.42652737075148e+03
1.16428138940715e+03
1.21716066466794e+03
8.22611964715475e+02
9.33949461040227e+02
8.73138399557546e+02
6.06498078564056e+02
1.18204124618868e+03
7.92267993391931e+02
2.69533654560534e+02
2.43856531976484e+02
4.73237308396543e+02
3.29859673740265e+02
5.74888398936317e+02
1.14606296830881e+03
1.16080264194103e+03
6.04614947755927e+02
5.44126604128380e+02
5.16123996274301e+02
4.20562557990162e+02
9.10955935325024e+02
9.54231299570645e+02
4.53134526817156e+02
2.15829786291461e+02
4.06540352921463e+02
5.88467619891747e+02
3.48224065225894e+02
7.02903272173657e+02
1.03657181793634e+03
2.36448692282435e+02
4.87175322623612e+02
4.42821126650392e+02
4.24429341487590e+02
5.14835236182952e+02
5.36917811943901e+02
5.52742867612500e+02
3.77464446527466e+02
2.63996164608707e+02
2.32582511475953e+02
2.35811143491999e+02
4.29527485610786e+02
8.61906442274441e+02
9.25257258074949e+02
3.76056778160921e+02
2.61021128746428e+02
2.23140561548277e+02
2.27498850006089e+02
4.13462268458158e+02
8.78739820692082e+02
8.29592485114908e+02
5.07918551192334e+02
7.35472829979020e+02
5.38704692522461e+02
4.46150396024694e+02
3.58884913208603e+02
6.93678433263433e+02
6.58214954575601e+02
8.72894928572770e+02
4.35993789558112e+02
4.15299640108153e+02
7.23880186555944e+02
5.05564461012724e+02
7.74065334247091e+02
8.76790457843864e+02
6.27212464743898e+02
6.79725765592677e+02
5.53687937779284e+02
4.78252452561284e+02
9.13289152963821e+02
7.97499374319639e+02
1.08997205993277e+03
6.51610139334015e+02
5.03144599168489e+02
9.25061091805421e+02
1.09950672715280e+03
5.76473741246272e+02
7.70466610661329e+02
7.98365853890806e+02
5.98305331665420e+02
1.08769772471433e+03
9.45472802856766e+02
4.36248752604362e+02
6.39399032313037e+02
5.07196258226950e+02
4.48732500418630e+02
8.15064937200620e+02
1.19913136102930e+03
4.44267792718410e+02
3.47399149579443e+02
3.59479409763637e+02
7.10331877441374e+02
7.50982222082458e+02
1.12008436262184e+03
1.19896280624605e+03
4.40820809769586e+02
3.38932792804249e+02
3.45683595832960e+02
6.46901094554928e+02
6.86549571065311e+02
8.98656374265192e+02
6.00104935129868e+02
5.34839010871786e+02
5.93674715767562e+02
1.13562520215415e+03
8.95714524263933e+02
1.15320901070975e+03
6.70001659373062e+02
2.66542831720298e+02
8.01611850145454e+02
1.36281117571953e+03
9.19639357348438e+02
1.24614784908499e+03
8.65630391601706e+02
6.16767653505537e+02
1.13593393355148e+03
6.17471840264749e+02
1.34415130341412e+03
1.02794111443706e+03
1.24489568848360e+03
6.48508721073314e+02
2.10782076162360e+02
2.36123137827461e+02
1.47911639372101e+03
1.77466582784157e+03
9.18201041899575e+02
1.10908957737500e+03
8.99698166708026e+02
8.33299906352744e+02
1.76637851042288e+03
1.75157981750351e+03
1.06314587019216e+03
5.25694910905577e+02
4.61097494226381e+02
4.38110227691701e+02
3.80941048599026e+02
4.91335818747863e+02
1.19489078878535e+03
4.91526236239150e+02
4.46047609755338e+02
4.74989545772355e+02
1.06755915983398e+03
7.52527223097857e+02
7.92656249470714e+02
1.19831850837535e+03
4.90669933346712e+02
4.47359355227909e+02
4.65304177488629e+02
1.01742187469538e+03
6.95035431745845e+02
6.98303850082768e+02
1.42240582405161e+03
1.26979492182559e+03
1.15625023772437e+03
1.52777227870293e+03
8.27148104781806e+02
2.54875728066711e+02
2.97254796956975e+02
7.80121449904880e+02
1.64325316564284e+03
1.27875603938435e+03
1.75875669414331e+03
9.50731555128995e+02
6.87960240439352e+02
1.63175596970973e+03
1.43723716546502e+03
1.58596373398494e+03
6.15179233548514e+02
6.04823010668027e+02
4.50859050750683e+02
4.10948347534038e+02
4.14780675187344e+02
4.99240086644559e+02
7.64832168536046e+02
1.39938618775404e+03
9.35986483927950e+02
3.34615168734804e+02
3.99636159828207e+02
5.95304671913610e+02
6.77847167505940e+02
1.47147947544888e+03
9.13230567758194e+02
1.24276905332707e+03
8.67822910933740e+02
9.02303332045465e+02
2.65561655341704e+03
1.28105086149711e+03
1.04404902922162e+03
4.93912779304914e+02
5.75723313185940e+02
4.38593691390733e+02
3.75270613222203e+02
5.53677634046044e+02
7.56988236325065e+02
7.44673412974820e+02
5.11034661986820e+02
4.56736455967001e+02
5.29440088409671e+02
9.50520412412295e+02
8.41578053858131e+02
5.08400820218271e+02
1.42158947815271e+03
1.15444483092800e+03
4.93614316710102e+02
6.81908354213948e+02
8.34569312924777e+02
6.26974233283140e+02
1.07193957069744e+03
1.10288680018734e+03
1.57356986178684e+03
7.99690552526880e+02
6.01264341358191e+02
1.63573036369294e+03
2.01628065386720e+03
1.20272147154428e+03
1.24236043712124e+03
4.31775330224886e+02
5.14534805345960e+02
4.62133141790991e+02
3.97534863556900e+02
6.42967599447289e+02
1.47104078875805e+03
1.22513596579433e+03
6.23439252407264e+02
1.00042571530251e+03
1.26737790839591e+03
6.68929483960174e+02
1.31217069989968e+03
1.01801427669811e+03
8.22389297428222e+02
1.16260577394009e+03
6.81230263077268e+02
7.01839458276261e+02
2.47009489634477e+03
1.56885875138051e+03
9.63603623882978e+02
8.56588290311834e+02
4.42402750348404e+02
4.41461823849336e+02
4.98752743215896e+02
4.34444922113716e+02
6.06207800856993e+02
1.88971639114602e+03
4.87739625325815e+02
4.57919422076510e+02
5.03796697548432e+02
7.03843547530961e+02
7.23261687651252e+02
9.04488495184616e+02
5.98339380285155e+02
8.20042796723965e+02
1.22811876078928e+03
1.57332536099959e+03
6.40072878420990e+02
1.09947070731406e+03
8.50679313601175e+02
7.26514806670450e+02
1.50057788299879e+03
7.01743418808042e+02
4.71590438848882e+02
1.21313809564092e+03
1.76923280687994e+03
1.39368014744553e+03
8.93416956528103e+02
9.40762392915485e+02
1.35418732587148e+03
5.38662651482915e+02
7.97365202363966e+02
6.29299041494945e+02
5.44429337762617e+02
5.84278540102084e+02
9.78545976191227e+02
5.02813205325180e+02
4.72573318201692e+02
1.69251355952186e+03
1.28657754572765e+03
1.07625200768447e+03
8.94027738776461e+02
3.99226737628261e+02
5.47071619614070e+02
4.84744628205538e+02
4.71040771031680e+02
5.78322928386129e+02
7.03143307731824e+02
1.06974582647581e+03
4.09667246243887e+02
5.38967509263051e+02
5.93916483088223e+02
1.05217212115469e+03
7.04158515241634e+02
6.97266681779350e+02
1.41119779589597e+03
6.55818462375498e+02
3.33487540768703e+02
4.50832758400835e+02
4.03626129193515e+02
4.11314579837756e+02
6.08654901090868e+02
8.78473653289770e+02
3.31090258032372e+02
2.49842129714158e+02
6.60858906470683e+02
1.10516435137025e+03
1.12515467238562e+03
9.63467568075633e+02
8.98317984528914e+02
2.52552749112837e+02
3.27284518756414e+02
3.01018778035241e+02
3.59015501270086e+02
7.02934777345694e+02
1.34579510407111e+03
1.04846852793937e+03
2.53193473269624e+02
2.72409884570057e+02
9.92802173296623e+02
8.66637909303872e+02
9.51658672677371e+02
1.03568380151811e+03
9.44858633608481e+02
2.78496848035249e+02
3.82750675332684e+02
5.24316144739623e+02
4.49077041180506e+02
5.08402447094759e+02
1.16539614482791e+03
5.08810672070662e+02
5.37706373229448e+02
2.95242076584377e+02
3.32315122555514e+02
7.29547970844009e+02
1.61889430129000e+03
1.52850785233326e+03
7.76858674771919e+02
2.38065365864327e+02
5.25313546051001e+02
7.72425553533785e+02
8.47354694332140e+02
8.70324097789163e+02
9.96635627278390e+02
9.21293338926115e+02
2.98163791086789e+02
3.43358406525876e+02
7.07554136417274e+02
1.60228805163196e+03
1.72817678315227e+03
1.02116079672819e+03
7.44660421646175e+02
3.43530924843774e+02
7.78662902279725e+02
5.87925782614723e+02
6.89335611100684e+02
8.38889185391922e+02
8.47208223384602e+02
6.72281793557859e+02
5.03345706114353e+02
4.72366894736381e+02
5.20267255048145e+02
5.75168700237708e+02
6.06804647403009e+02
6.73926233920147e+02
6.73458767186499e+02
4.95638320818932e+02
9.24045374316930e+02
1.63542304726689e+03
1.79240873037367e+03
1.18292373450721e+03
1.09955697287867e+03
7.50700444404546e+02
8.74651843876883e+02
7.17135620007140e+02
6.48999589454817e+02
6.66891588356999e+02
7.99906887975013e+02
7.24553021531824e+02
7.81891063725884e+02
9.60041318906038e+02
1.42302550634064e+03
1.50255332616230e+03
1.06701574892116e+03
1.19620334537304e+03
1.02677863670194e+03
5.86941680953465e+02
1.02796621952818e+03
5.40602990730401e+02
5.90138643848794e+02
6.98679056059686e+02
6.85138959192662e+02
5.04466369874880e+02
7.94580302178374e+02
5.03351438405041e+02
6.84762369936761e+02
5.99280915071527e+02
5.78354528131895e+02
1.23698282671382e+03
4.48144155007959e+02
1.19430657781303e+03
1.04300276934399e+03
9.86348685688830e+02
7.24127549026022e+02
9.88083906537802e+02
1.06630856734135e+03
7.76120057698105e+02
7.07575512241791e+02
6.46719528532829e+02
5.50686896695397e+02
5.82764583855253e+02
7.12269294141879e+02
5.87146576907003e+02
4.86384976868014e+02
7.43997770754408e+02
6.49509509024816e+02
5.20512631280178e+02
7.92341777146538e+02
9.83659297146479e+02
8.34703461850956e+02
8.83284132337462e+02
7.54035651961028e+02
4.66167905140201e+02
6.29680367029979e+02
8.03890529364373e+02
8.21347830508528e+02
5.64827198995123e+02
6.88782478554129e+02
1.13112517241213e+03
6.85590381135886e+02
8.91315145080098e+02
9.17220859955666e+02
7.44606760725027e+02
9.14235004918560e+02
7.49080953715149e+02
1.32730188482879e+03
4.87155483001980e+02
7.92328243171834e+02
1.00118428247810e+03
8.95470095329217e+02
1.00810305654040e+03
9.03173741495089e+02
7.88891938159857e+02
7.21890434623235e+02
8.38843956553674e+02
1.07932407981803e+03
8.95758512077160e+02
6.76981393857898e+02
9.01465543904822e+02
1.28061091550074e+03
7.05060701316787e+02
1.00701515112004e+03
9.70406874964167e+02
1.17364490994009e+03
1.10914374459747e+03
9.72182852511070e+02
8.51481381017924e+02
9.12157900209265e+02
1.24032776844222e+03
1.29073703847324e+03
8.44505550664786e+02
8.46977535265373e+02
1.05065400199917e+03
8.67331928575092e+02
1.41892308214730e+03
1.34946573880824e+03
9.96973836207904e+02
1.57419218628647e+03
5.92567450807181e+02
1.25870764746436e+03
8.94492086384488e+02
7.32121094444317e+02
8.66984301375757e+02
1.21512828037428e+03
1.29677783312726e+03
1.22013228352162e+03
1.03148734583941e+03
9.18145992397281e+02
9.29962480715107e+02
1.41185531670979e+03
1.22100642696086e+03
8.23841381602244e+02
8.01598644808946e+02
7.32554949808255e+02
4.82972063963544e+02
6.24706530820370e+02
1.06218939867402e+03
1.30507752806075e+03
1.37284236587024e+03
1.19719930902979e+03
1.02491724258742e+03
6.97475716009577e+02
1.12622777451736e+03
1.50168681719142e+03
1.10132529906908e+03
1.01045802437686e+03
8.94846936847954e+02
4.70478349312700e+02
9.24040556438023e+02
1.63502704738617e+03
1.79048853028844e+03
9.47842862469385e+02
1.06732299274023e+03
7.94313355985822e+02
9.70695056415611e+02
6.15794111802128e+02
7.30958372929963e+02
1.08224358215915e+03
1.31791913271317e+03
1.24533232176496e+03
1.04367453885980e+03
7.22509044145671e+02
1.01829384981647e+03
1.18761207567471e+03
1.41259795703306e+03
1.14803748044393e+03
1.10011765378404e+03
8.24939548395717e+02
4.74633272270254e+02
2.45308640805331e+03
6.82191283444535e+02
1.04270748293256e+03
1.14952202077927e+03
1.04659548538004e+03
7.63049507096461e+02
9.94750739057523e+02
1.28766015257772e+03
1.11950493734914e+03
1.19243893858082e+03
1.39412366410540e+03
1.21799839650463e+03
5.76094951028107e+02
1.02667638389673e+03
2.24883653502298e+03
1.48158210127774e+03
1.29706545347827e+03
1.49046945181267e+03
5.53521482353334e+02
1.11821950427723e+03
6.06664095370816e+02
5.92402633088204e+02
7.77460763236377e+02
9.94830912769761e+02
9.88101175190050e+02
7.69661185355103e+02
8.79967065376393e+02
9.65489933077753e+02
9.91262191275936e+02
1.06703275868576e+03
1.20985609715056e+03
1.46710570332943e+03
1.14665916124805e+03
5.86671771203037e+02
2.95510721354179e+03
1.88296212420373e+03
1.46488440708198e+03
1.06423084238554e+03
1.47031435449823e+03
5.47848753151443e+02
1.01359940470432e+03
4.80431397815154e+02
7.55323710661742e+02
8.27274831154720e+02
9.12513810419494e+02
8.13152222475477e+02
9.29252264752383e+02
9.21066328843461e+02
8.61562562496772e+02
1.33870553835001e+03
9.75178359626971e+02
1.47321906802594e+03
1.47668244446704e+03
7.10506990206900e+02
1.12827169665447e+03
2.40393092187553e+03
1.51236704861545e+03
1.63475296862832e+03
9.01845546342208e+02
1.00465119649746e+03
6.68629602545384e+02
7.96165270369453e+02
4.44553359339577e+02
1.56135350130121e+03
8.22318053140675e+02
8.39953706971924e+02
1.06573651320487e+03
1.15867500565993e+03
1.01425710101548e+03
1.40494839912369e+03
1.30850401558506e+03
1.01086229421435e+03
1.49072090709072e+03
1.26763162254374e+03
5.70213299628524e+02
2.62962113104140e+03
1.39027193895416e+03
1.02838007205600e+03
1.56725406057551e+03
9.71929954098297e+02
6.37038001282824e+02
9.21958640180484e+02
6.67953322891633e+02
5.21569574798883e+02
2.53930115583634e+03
8.39626969738702e+02
1.06373271270582e+03
1.28280841661626e+03
1.14260376041507e+03
1.53533776791171e+03
1.20351730961443e+03
1.73411347808853e+03
1.22049475805865e+03
1.39256755634628e+03
6.95646426472330e+02
9.36142084237484e+02
1.78118373105265e+03
8.79860735700107e+02
7.14433988372782e+02
1.19252078610348e+03
1.24895401876749e+03
5.14451904345645e+02
1.06618515391798e+03
5.82722323211944e+02
7.17508618230861e+02
3.84892952910083e+03
1.02568041833463e+03
1.23756341786118e+03
1.08606672374257e+03
1.37099205538554e+03
9.03802514343677e+02
8.23933085813644e+02
9.30893822641082e+02
1.26976360183778e+03
1.18939738139847e+03
4.89223435484019e+02
2.01666711888572e+03
8.42811789575396e+02
5.38263557600715e+02
7.15364970475539e+02
1.04577258309354e+03
9.45765518930852e+02
1.16797479150901e+03
7.08424995427309e+02
4.46613658201086e+02
4.92262912209319e+02
1.37005251094097e+03
1.08546062200451e+03
6.27587433278058e+02
7.52254634809181e+02
1.42240396537256e+03
5.50266764766474e+02
4.66223413638290e+02
1.30737398781236e+03
1.20722497766908e+03
1.33693681406108e+03
7.80766576107746e+02
4.14379867019910e+02
4.81164930242165e+02
1.36091371536136e+03
3.13080693247067e+03
1.18832052158829e+03
4.51120386674341e+02
1.69060242923031e+03
6.73013692612319e+02
3.96147111983632e+02
5.81759472018119e+02
1.84489003236234e+03
1.77228943263631e+03
9.76317552924062e+02
4.72376766194812e+02
5.18870903008908e+02
1.42206639709826e+03
3.05052541285542e+03
1.59685275330557e+03
8.31533407202618e+02
7.31657204433445e+02
1.32849255221663e+03
4.56132240798052e+02
3.89697542982207e+02
1.03727768860194e+03
1.74229712690196e+03
1.32028933036615e+03
6.35274126266570e+02
6.22979367085366e+02
1.56750089356654e+03
3.06952489773347e+03
1.65070020460270e+03
1.48350224988983e+03
6.50234895087539e+02
1.73715950473786e+03
6.61021054756002e+02
3.69060465357349e+02
5.51444518774564e+02
1.35857599047218e+03
1.88275896611782e+03
9.44783679149083e+02
8.35572312345319e+02
1.79792527008590e+03
3.01724506101889e+03
1.54346372726214e+03
1.57673491423969e+03
1.36613109886515e+03
1.03902236653535e+03
1.49369717056867e+03
4.89077269199077e+02
4.11959197183383e+02
1.02937660355472e+03
1.17998101297530e+03
1.67130046508183e+03
1.18814285587640e+03
1.96009716692300e+03
2.55796404983100e+03
1.16409214566764e+03
1.15543127574958e+03
1.25720403571718e+03
9.66456826008570e+02
2.04937154792806e+03
6.82572739477402e+02
4.09484105199203e+02
6.28324130778001e+02
1.31051324869586e+03
1.27452388031009e+03
1.64227597311191e+03
3.00913611094596e+03
2.28522602701496e+03
8.16678612703951e+02
7.57900829922690e+02
8.93731795133590e+02
8.62244354305271e+02
9.27574937449837e+02
1.42614883998654e+03
4.50094356852084e+02
4.34099362145920e+02
1.10445958028918e+03
1.01761371690835e+03
1.17663119499696e+03
1.44294106284370e+03
2.82491595241560e+03
6.66827634001423e+02
5.71433557892592e+02
6.18721196139590e+02
6.04954272515415e+02
7.24807954743750e+02
8.80898857935003e+02
5.82501134266133e+02
4.21786610218103e+02
6.71548335252962e+02
1.32515495980166e+03
9.21177537988790e+02
9.86177143297266e+02
1.12297045587322e+03
7.27388307197320e+02
6.75214342763237e+02
5.90199734918262e+02
5.10564955453134e+02
5.97873543959672e+02
8.37668393038421e+02
1.97048702254561e+03
6.32195049135362e+02
5.83878177865608e+02
1.31072839941381e+03
1.02254592225184e+03
8.33133936025234e+02
7.69864127648117e+02
9.28340699992999e+02
1.27694527216180e+03
9.34909495983968e+02
6.76151153252221e+02
6.86340466603669e+02
9.00114270197763e+02
1.80565445031448e+03
2.62024795808631e+03
9.74575962964929e+02
1.20330568682881e+03
1.88354714242154e+03
9.70569821685581e+02
7.49409620956866e+02
6.39585752652622e+02
1.02015108202228e+03
1.08300177340018e+03
9.21865703069031e+02
9.25842301451842e+02
1.06125945503035e+03
1.74023010717506e+03
1.97431002306843e+03
1.95398994231384e+03
1.19538545375067e+03
2.09311785226985e+03
1.32214586166929e+03
8.45936350323100e+02
6.24682752545153e+02
5.68110688489641e+02
9.06127208326124e+02
1.14212374647695e+03
1.41534458282183e+03
1.53865860182163e+03
2.10085819379213e+03
1.73743686389407e+03
1.73442026191108e+03
2.27069948425478e+03
1.81778417938941e+03
2.40551559513254e+03
9.87474718888658e+02
6.57442572521405e+02
4.81790619477081e+02
5.76854838520244e+02
8.07778177530148e+02
1.50193240878244e+03
1.92377046408592e+03
2.60747792510598e+03
1.67814266668708e+03
1.33724008792601e+03
1.91296243893909e+03
1.72851719048534e+03
2.37775711853077e+03
1.42919026261113e+03
7.57670281784724e+02
5.11727339869372e+02
4.15351028976021e+02
6.74772095665865e+02
2.17349388545743e+03
1.53567112309147e+03
2.36748169795614e+03
1.52309470297090e+03
9.84305237969072e+02
1.27321291724287e+03
1.40017792725652e+03
1.58327355111802e+03
2.02631361556891e+03
8.15041035477094e+02
5.39758955934034e+02
4.00027021460706e+02
4.96487242864529e+02
9.06100174896626e+02
3.11024192082612e+03
1.75471813391863e+03
1.27494075716376e+03
7.96259360865879e+02
8.81261204290684e+02
9.76676381427515e+02
1.39676243770067e+03
1.39344263382796e+03
1.07202341263592e+03
6.16477045601475e+02
4.50854111638801e+02
3.79893987336526e+02
7.30372795891217e+02
2.36831734760628e+03
2.86570452253909e+03
1.02631383223967e+03
7.32192294602045e+02
7.63811387801212e+02
7.41379713726854e+02
9.94415579947470e+02
1.24546355441153e+03
1.26776592458695e+03
7.10238578159051e+02
5.34049109903472e+02
4.10199185828839e+02
5.22836498040320e+02
1.14716268755146e+03
4.14253788604266e+03
2.60525325902549e+03
9.07704727372591e+02
9.53779794860024e+02
7.66733574297608e+02
8.07843062090849e+02
9.07696822530988e+02
1.04981254907695e+03
1.31512661156963e+03
8.51869838278713e+02
5.70541651779149e+02
4.39883737881514e+02
8.65692069497188e+02
3.03162025004176e+03
3.89402434014847e+03
2.37098102851900e+03
1.25648536724093e+03
1.02261788201426e+03
8.91674372271543e+02
7.55933292924255e+02
7.18802340098528e+02
9.80961621343815e+02
1.20205101322389e+03
1.01311919941842e+03
1.14745828786114e+03
8.78329840147366e+02
6.67841223078721e+02
7.80852386801504e+02
1.13818543385844e+03
1.05527551228406e+03
1.46962430356728e+03
1.25371129244513e+03
8.14742349670182e+02
7.14351604096230e+02
8.55479810865083e+02
9.49745640225758e+02
-1.34201526829555e+01
1.41716720282218e+03
1.07129077312416e+03
8.25958845367568e+02
7.78537637429579e+02
7.99926310194378e+02
8.35113400526472e+02
9.27698748992826e+03
1.32281328023723e+03
1.21712340839494e+03
1.00259393059997e+03
8.89682669046315e+02
8.55827597263404e+02
3.37468196309755e+03
2.54056020937471e+03
1.41204011100460e+03
1.44889635677349e+03
1.22966493350078e+03
1.06519779858363e+03
3.59903151168524e+03
2.64159641561940e+03
3.19290929899209e+03
1.59113114316528e+03
1.62767793729177e+03
1.25775994481056e+03
3.32283354454483e+03
2.58990701608949e+03
2.66523974408566e+03
2.63814576586321e+03
1.94808074486194e+03
1.59357377903894e+03
2.90002891154690e+03
2.46854991845368e+03
2.32480050960626e+03
2.02509566423078e+03
2.52947019931976e+03
2.02075681219775e+03
2.81324417840300e+03
2.29169106062144e+03
1.77669127953679e+03
1.58909399483633e+03
1.75892076059047e+03
2.11597640217806e+03
